-0.03431476714086404,-0.9443626303162732,2.2715435099275196,2.660592166925185,-1.14657178564965,-1.338225993541033,0.7292426887212776,-0.6399523695135386,1.7004623543850104,1.0101989414856847,-0.592608097833595,2.0308814350069007,-1.7410023196458428,2.2089305309332357,0.5565233754261358,-2.3338317259723356,0.933899125781509,-2.633578254681329,-2.875631953622736,2.411909805775209,0.6964194166759272,2.7929840248073146,0.23449288539092822,-0.017657969295228254,2.4637159413597884,-0.30612619444117695,0.5796282979349926,-3.0,0.8169122683430707,-1.5097109917602491,2.1232697431805767,1.42951344167576,-1.1897486234323587,-0.5454979813873444,-0.19374158484414572,-0.6348006442710226,-1.3287808252564346,-1.0825139883287473,-2.68439964938435,1.5918620726606358,-2.118868920805089,0.2923651106657868,1.0049907098896085,0.7092569750227483,-0.509938967132437,1.8760327788785238,2.0377710320773295,-2.7225566438371005
numHidden 	5
numGenes 	48
minGene 	-3.0
maxGene 	3.0
popSize 	40
maxEvaluations 	20000
mutateRate 	0.01
mutateChange 	0.05
seed 	1554722144008
random 	java.util.Random@641e6431
neuralNetworkClass 	class coursework.ExampleEvolutionaryAlgorithm
Training Set Training
Fitness 0.12705132112647316