-2.3340251076390315,1.1142312077155971,0.02217564865837754,0.3375049529185039,2.2106217400654584,1.486325047004631,-2.9957926857330017,2.058012784121849,1.6799195766540707,-2.5779747179885275,-2.855477310699166,1.9093324042045365,-1.4522934662758527,1.4235126088836574,-1.131795122505162,-1.7678464835197496,-1.0093140980376578,3.0,2.401475850917143,0.31445986583454466,-0.3059982969419236,1.3842769326166509,0.48248106102069055,0.6558114900637623,-2.878692335092218,-0.43480150556792374,3.0,-0.09650235095788372,-1.1841628786257443,-0.8219944387266118,-1.4948603511011913,2.50938718692226,-0.4295535314823684,0.059659608814072326,0.1499535114160229,1.3853526117445927,-2.364044455049911,-2.153696122991936,1.8535099829354997,2.733166285758869,-2.4023437462891075,-0.1038521274568858,2.4297518354398555,0.9286640208521381,-1.2862214995796113,2.8683804292467516,-0.45776762500196144,-2.626253812795204
numHidden 	5
numGenes 	48
minGene 	-3.0
maxGene 	3.0
popSize 	40
maxEvaluations 	20000
mutateRate 	0.01
mutateChange 	0.05
seed 	1554733795740
random 	java.util.Random@2ceb0d4f
neuralNetworkClass 	class coursework.ExampleEvolutionaryAlgorithm
Training Set Training
Fitness 0.017846035731470204