0.38946159108802986,0.11091008745893047,-2.885586165980537,-2.6418207218835765,-0.9673988033397735,2.4100481065059296,2.466701180733158,-2.9925798968807182,0.8903062218938168,-2.6949045014755,-1.6623111231396708,3.0,0.012872716889996819,-2.500790749020871,-1.6921921283352102,1.977644228443345,-2.0871171047657384,-0.3037403979680985,-2.2393587788188642,-2.9107242581101187,1.112419012494809,-1.090021629116826,-0.05257952569575833,-2.5978863911915004,0.36193921159903086,2.887994633296508,-1.4605933785637677,2.719844488635526,0.4450891243041583,0.37086728620559894,-0.4599024278663734,1.7531764268814394,2.166407279324887,-1.4271514266965433,-0.0771040469892639,0.5673636452815476,-0.2382268887524556,-1.5765469185180403,0.251347595332194,-2.600871875380062,2.612750033532419,1.9326672062904002,-2.9119605626307563,-0.9903839435522388,-2.851887222568336,1.4434457921838202,1.3616027743059536,-2.0255743065916
numHidden 	5
numGenes 	48
minGene 	-3.0
maxGene 	3.0
popSize 	40
maxEvaluations 	20000
mutateRate 	0.01
mutateChange 	0.05
seed 	1554733795740
random 	java.util.Random@2ceb0d4f
neuralNetworkClass 	class coursework.ExampleEvolutionaryAlgorithm
Training Set Training
Fitness 0.05920604961226269