1.0989937728402395,2.33780295136863,1.5680395048300273,-2.438125812348149,0.5011127984414516,-2.460004701268341,1.3617118246369364,-2.5984891990652987,-0.5926036141111104,-3.0,-1.0415797216279248,-0.827309503373588,0.4385229278252226,-2.7318019673238343,-1.4118358803959952,-2.567871388387732,0.711833341594888,-1.1852462998112452,0.26620406461100776,-0.43851725347752274,2.301507697486856,2.1984868160520867,2.3832556384501187,2.348445695898643,1.5648495981401855,1.0358946927318298,-0.22346399666582384,0.19567552489002882,-0.9777254104708671,-1.5452892818671529,1.501409643427011,-0.2219300476181021,-1.793249751099971,1.9725152458782926,-0.7388282377096064,1.9507114534795746,0.22741803087760318,-0.5553652893179737,-3.0,-0.2827845292174067,1.646377414790979,-1.5672307406055037,0.434305452457448,0.6093280804830271,-1.9320520048694678,2.7650516233984317,2.11095745714125,-2.3865377926374496
numHidden 	5
numGenes 	48
minGene 	-3.0
maxGene 	3.0
popSize 	40
maxEvaluations 	20000
mutateRate 	0.01
mutateChange 	0.05
seed 	1554733795740
random 	java.util.Random@2ceb0d4f
neuralNetworkClass 	class coursework.ExampleEvolutionaryAlgorithm
Training Set Training
Fitness 0.09958595009529123