-0.16997544648010277,2.650134067741111,-1.9418680884067407,-2.2092631843155317,1.1746455127936921,2.370962021315449,-0.319738010989402,-0.38978247744974764,-3.0,-0.8831305057350093,0.5942739850048979,1.2919161866433821,0.9365463688847949,-1.6605504789070167,-1.3690125188332192,0.6703966418669711,1.0420690558030796,1.0566452102033104,-0.9714368206049243,2.813003637560768,-2.2368599454408398,2.452521292448515,0.6437355426918914,2.1610789879457744,1.5470026180341632,0.18367571242600228,-1.6365861501139367,2.634509650630516,-0.0968505145761108,2.724304999957498,0.916030263085116,-3.0,-0.3284067170497559,1.2181688278032752,-0.9177999554271612,-0.08423453047628797,2.6751693764643796,-3.0,-1.1982895594653924,0.2290112187686127,-2.8891219899040927,-2.8750242929495142,-2.1514447361397373,1.6995186208853175,1.7852234818575912,0.48562914530945017,1.79896700819092,-2.0208326674890333
numHidden 	5
numGenes 	48
minGene 	-3.0
maxGene 	3.0
popSize 	40
maxEvaluations 	20000
mutateRate 	0.01
mutateChange 	0.05
seed 	1554722144008
random 	java.util.Random@641e6431
neuralNetworkClass 	class coursework.ExampleEvolutionaryAlgorithm
Training Set Training
Fitness 0.121646547189724