0.10693959125430054,-1.017652903723179,2.742187846003025,2.8258850984821264,-2.330345842228153,-2.4591959096866733,1.5812007083518664,1.5473462898973598,2.144942843711779,0.3206463188476449,-2.5807662286834354,-1.227083743696637,0.1514603043850279,2.0231785141084484,-0.6904249173763886,0.9263609502891006,-1.3955922336618678,0.5661093203593709,0.4506343640361165,1.1811393661711298,1.1604368253693675,1.951370649239347,-0.7646293721441096,0.6697353817604682,-1.2376714475314001,2.813182656322537,1.4313099688579252,2.7217117484040956,-0.7990731108636964,-0.2649281409941434,-0.22209543512642127,2.0391679974056793,1.6521614119921717,1.0338668283955113,-1.4277095561341664,-1.8204480626882498,-0.2766450134721058,-0.7292207231082698,2.2963582369098274,0.6545809443815088,-2.34754514110551,1.0038319811608747,-2.0199951373664202,-2.2598907662113277,1.699785144422098,1.181184405976605,-0.3345747670412811,-1.3749691907157389
numHidden 	5
numGenes 	48
minGene 	-3.0
maxGene 	3.0
popSize 	40
maxEvaluations 	20000
mutateRate 	0.01
mutateChange 	0.05
seed 	1554721997182
random 	java.util.Random@6c6c5de4
neuralNetworkClass 	class coursework.ExampleEvolutionaryAlgorithm
Training Set Training
Fitness 0.12158969392985551