1.8974819913963792,-1.173343532504635,-1.6045675241192499,0.8494945386171195,-1.7549487026178392,-1.3484639491644836,-1.6667846080999713,2.7872164897421157,-0.6269877404451274,1.115171471420071,2.4805895237363442,-0.13351844492784265,-0.9267156362453957,0.34777321533923844,-0.205606769325465,2.8688890800056868,-2.404992125357248,0.5221830637123949,-2.4779528712534256,1.0323033487174513,2.040020643289086,-0.4737402419874459,-1.6010076196465663,-1.1105104858332226,-0.8896939878564711,2.2474143259828376,-0.47514638453480257,1.4537069041184105,-0.7219307832170057,0.7351590752782436,1.0389436740168847,-0.7335816367080166,-1.7464844288069,1.8452050983095705,2.827527849656506,-3.0,-2.625342941571951,0.18363019672099987,-0.5803505680722655,-1.9243490672074508,-2.3368331519216503,-3.0,-2.0034860078282097,-0.046597141239264395,2.090321110290095,1.8009787314456194,0.4070182999742698,-2.556446213249572
numHidden 	5
numGenes 	48
minGene 	-3.0
maxGene 	3.0
popSize 	40
maxEvaluations 	20000
mutateRate 	0.01
mutateChange 	0.05
seed 	1554910277007
random 	java.util.Random@76fb509a
neuralNetworkClass 	class coursework.ExampleEvolutionaryAlgorithm
Training Set Training
Fitness 0.017759375127384024