3.0,2.760634341143242,1.3112286234884296,2.4008753240907983,0.27763410749024886,-2.6688032068563055,-0.8281140059168038,-2.1102762444573533,-2.0040014938024457,1.7356726013301405,2.5385981497562,0.6682212803383603,-2.0005431460011724,1.2610676256569606,0.5578868283272804,0.2995181076081231,-0.5735334662140339,-1.6104187973280557,-1.7141946482690487,0.6514509675888249,2.208519020066025,-2.446475883722629,-2.399284130700434,1.37017354936063,-2.136821134296463,2.493406105782746,-0.32446999360943296,0.13981941681617086,2.8145628756144845,0.215274957917574,-1.3712086941195591,-0.8639947891536195,-0.4965867583927981,-1.752577471685383,-2.8370261408643818,-0.9412566738329128,-0.884796841918278,2.4625702574047548,0.8514259245828796,-1.3894236327117255,2.3896564398903872,1.403372585600768,-2.6055107694150115,0.3165676366018708,2.100298453030797,3.0,-0.8499266654896301,-1.1791362390163913
numHidden 	5
numGenes 	48
minGene 	-3.0
maxGene 	3.0
popSize 	40
maxEvaluations 	20000
mutateRate 	0.01
mutateChange 	0.05
seed 	1554722144008
random 	java.util.Random@641e6431
neuralNetworkClass 	class coursework.ExampleEvolutionaryAlgorithm
Training Set Training
Fitness 0.11570152065913371