1.6651058916170678,-2.8920445123450693,2.202051293497002,1.993320272129944,0.27900015154081353,0.3147742672745739,1.0594654087326647,-1.197245942426114,-0.3416728204995151,-2.8909068571099152,2.548211101304465,-2.033842252675422,2.234159351642748,-2.854675028851863,-0.3231382192803692,1.008905355021616,2.1072512328227067,1.7683343340978521,1.0049581395127962,-1.9842169456494443,2.780494707072677,-1.7922580846534026,-2.610740038653373,-0.8390940284702075,0.15948815112652054,0.01091085610952311,1.426062691430604,0.537781555026465,3.0,0.6610132492197563,3.0,0.16308486805479594,-2.548857612282652,-2.204528247633173,3.0,0.48810733803037804,3.0,-0.3177714640488978,0.004212002644816276,0.22769438896076227,0.467211778564102,-0.922203993170811,0.7246975654639655,-0.9622341416761311,-2.9720097817564537,1.7782939083360305,1.0692640492635408,2.1489540775457048
numHidden 	5
numGenes 	48
minGene 	-3.0
maxGene 	3.0
popSize 	40
maxEvaluations 	20000
mutateRate 	0.01
mutateChange 	0.05
seed 	1554733795740
random 	java.util.Random@2ceb0d4f
neuralNetworkClass 	class coursework.ExampleEvolutionaryAlgorithm
Training Set Training
Fitness 0.06760036231162954