0.013279429107045687,-0.34021962010730544,1.4152118830507447,0.43501656421282175,-2.366722283201314,2.2088927274499346,0.06314686944237405,0.9435557810485758,2.378266749448509,-1.37700746668664,0.10521411560207111,2.8482792779364665,1.3516770302784071,-0.49891472536074977,-0.46200904796715603,1.2740594938528234,-1.8881764571376154,-1.1570608186651774,1.9886186894602087,2.86658759179721,2.2989025221064,0.9500302383247867,-2.2212049004411316,-0.9105432548869227,0.2413601619093029,1.3856136102025063,-2.0546353087640465,2.9715572981398517,-0.3515286025825183,-0.2658853149615398,-1.0355680869862036,2.684554194139196,-0.87206363041282,2.748810226797393,0.4839853271439749,-2.0543722294479245,0.8339307843275243,-1.479852687304274,0.32491483933112775,2.107318178320959,1.7798079451260982,1.9997902578155495,-1.9537075465765503,1.8054169744220276,0.7471374792776707,2.3101863317815696,1.7782927825154684,-0.1369187546356997
numHidden 	5
numGenes 	48
minGene 	-3.0
maxGene 	3.0
popSize 	40
maxEvaluations 	20000
mutateRate 	0.01
mutateChange 	0.05
seed 	1554722144008
random 	java.util.Random@641e6431
neuralNetworkClass 	class coursework.ExampleEvolutionaryAlgorithm
Training Set Training
Fitness 0.11062762523047728