2.092727777585878,-1.184805876073751,-1.2492461700891808,-1.1616033097516218,2.3535388464994673,-0.8250412851487967,1.3502968093446437,0.47692840832250716,-2.9725466964644975,0.36762118536992994,-1.736206697887404,1.0822620558474436,-0.7756411763974383,1.5108652933198192,2.6324808912282065,1.6960462925054838,2.739592001921846,2.441064949642433,-2.306339313955361,0.7635605560325393,-1.6937416144455488,-0.5899358906321681,1.7942235011605718,1.7361788661201973,1.201501158588179,-1.9801628350860478,-1.8847570871791965,-0.38528089347252276,1.3962840203956284,-0.4389645914627234,-0.5758984553223354,-2.1771526041578686,0.3224747286891362,-1.960355393640983,0.11785104994876919,1.4069338139976069,-1.7495925718171261,2.809139800445417,1.4739349082801028,-0.9895921360478046,-2.3762996929854987,0.4375272584904163,1.1768429846606638,-2.2044915033470933,0.8635154482351718,-2.7488591623993743,-0.14749651539290387,2.0736470615187037
numHidden 	5
numGenes 	48
minGene 	-3.0
maxGene 	3.0
popSize 	40
maxEvaluations 	20000
mutateRate 	0.01
mutateChange 	0.05
seed 	1554722144008
random 	java.util.Random@641e6431
neuralNetworkClass 	class coursework.ExampleEvolutionaryAlgorithm
Training Set Training
Fitness 0.05602113298426015