-1.8695885363853393,-1.365293522809302,1.77619969294529,2.639203857697168,-3.0,1.7669827246605418,-0.00847254071708023,-2.727728599233443,2.4598841936182083,2.2684653918747877,-3.0,-2.953350026917951,-2.615604260889266,2.7876385723073236,-0.896684440560368,-0.08024561744886574,2.498183032255684,0.5697756497407316,2.731544695160581,-2.845266167904302,0.4922641044090412,2.414303982586856,2.501816159802599,-2.0996793938642986,-3.0,-2.400566182103822,-1.6507908884644078,1.961049230619622,-0.4628090640132089,0.8671856802728722,-2.567413831324365,2.567921549734803,0.868244725268345,-0.9785075773519677,1.3589552074884526,-0.6431038517637444,-0.31786751513598077,0.3838613810267196,2.256647377820361,-1.2247218499042847,-2.1956631481871116,2.9886895996017335,2.857803466787748,0.749217453161368,1.1499920345545913,2.3421106170736494,1.7158487750858693,-0.45625027358124637
numHidden 	5
numGenes 	48
minGene 	-3.0
maxGene 	3.0
popSize 	40
maxEvaluations 	20000
mutateRate 	0.01
mutateChange 	0.05
seed 	1554722144008
random 	java.util.Random@641e6431
neuralNetworkClass 	class coursework.ExampleEvolutionaryAlgorithm
Training Set Training
Fitness 0.1231307922882067