0.45892254784020714,1.1147462823752652,-2.5318359416359746,0.7907604083172928,-0.718604054835449,-0.35251108626033056,-0.2523421578125036,0.9066860129463464,2.5687799814104184,-2.679777168082965,1.367535592393617,-1.1038690804467786,-1.570825891547806,1.3025883769212339,-1.8957217427409305,0.07595482551094032,-0.4124172494560058,1.3642302974302147,-0.30586598612521376,-2.4082099656918423,-1.1176606735968864,0.09262246628556486,1.7004889466753101,-0.5706711428017508,0.8947388888054536,-1.7242130552484185,-2.4101231875800257,0.9048219190968434,0.08361537878289994,0.9735490777924296,-2.602861558730363,1.6506403159860583,1.326117404572562,0.7037982428428441,1.7663158142523914,2.5495723744292444,-2.785185380290537,2.7754752943981416,2.3178829157269045,2.202381175438966,-1.3860804841448235,2.6565361592131853,-2.8694495322954134,2.792073876584235,-0.45976608801323776,1.3813292613638484,-0.6495227221665336,1.1717750446053212
numHidden 	5
numGenes 	48
minGene 	-3.0
maxGene 	3.0
popSize 	40
maxEvaluations 	20000
mutateRate 	0.01
mutateChange 	0.05
seed 	1554721142519
random 	java.util.Random@344365ef
neuralNetworkClass 	class coursework.ExampleEvolutionaryAlgorithm
Training Set Training
Fitness 0.04866020927396815