-0.8885932531794231,-2.7863306576563964,-0.8298750569969151,1.355289596477304,-1.6464456459184706,-0.5549758271610425,-1.6307275790169558,-0.7040863108244395,-0.08497173751823034,2.537760966286637,-1.2014333559098322,-1.9658321777735455,1.6441974624821065,0.2175210610113123,-0.65355294622165,-1.2058752347488977,0.6666627243231089,-1.9512083611554787,-1.983897753618127,0.36846558597516765,-0.25820583215507253,1.5588796437840051,0.7006761966178577,-1.4607615334435875,-2.3365039049399643,-0.23094661753522827,0.7039350772090116,-2.5163496381697734,0.08500764996107654,-1.2975958641356666,0.6610235006960913,1.7028502244166308,-0.414002130807298,1.0051655914818796,2.033342444881517,-2.0046615112718578,-2.8550493174891,-1.7584293431782556,-1.4692876415618168,2.3723433104522638,-0.4302858562778706,-0.3009612425229002,-0.07517142548407385,-0.03512544731202766,2.5737446043271794,-0.7123038092702825,-1.4888604256182867,0.9508709006743913
numHidden 	5
numGenes 	48
minGene 	-3.0
maxGene 	3.0
popSize 	200
maxEvaluations 	20000
mutateRate 	0.01
mutateChange 	0.05
seed 	1554909955391
random 	java.util.Random@76fb509a
neuralNetworkClass 	class coursework.ExampleEvolutionaryAlgorithm
Training Set Training
Fitness 0.09756040581650119