-2.3249024456960234,-2.122152327104352,2.0284488820074844,1.2695769541997526,1.494172588021417,2.8809572967365034,-0.6052022934060769,2.0214586323035664,0.8234351296187017,-0.5268382847734632,-2.796075442041168,-2.5577859765933093,2.547439797474236,-0.004452111717266699,-0.1429053154869932,1.9544625347660165,-3.0,0.9606554082749094,-0.793988984283055,-1.894207989076099,1.2841876594276356,0.7824526395484728,-2.454764591370533,-0.5626159093254366,0.9762740857757026,-0.21247017105955784,1.035102730859263,-0.23642229969424705,-2.5570479943281295,1.4279403930145564,-2.337435633011303,1.467525191224492,1.693218039057779,2.85819337745163,1.093899309994943,0.7714653614387583,2.8984627054009495,-0.48338071267989413,2.611907096434906,-0.7022061678718079,-1.0471856711875407,-0.7895609248095491,-1.9556021992680694,-1.5173712821051144,-1.9519060710512453,2.4828400496078835,-1.0186376529199905,0.017541830152763033
numHidden 	5
numGenes 	48
minGene 	-3.0
maxGene 	3.0
popSize 	40
maxEvaluations 	20000
mutateRate 	0.01
mutateChange 	0.05
seed 	1554722144008
random 	java.util.Random@641e6431
neuralNetworkClass 	class coursework.ExampleEvolutionaryAlgorithm
Training Set Training
Fitness 0.08029338271448508