1.3428742821172142,-1.5354430719635621,1.1755435022314271,-0.028992433283913405,-1.6346362887506278,0.4540061794915658,1.7722365762698564,-0.55625341826568,1.4647262930892115,1.4155164778938258,3.0237764845303667,0.6047108823834624,1.8420708825532757,0.920308660689013,-1.2103901047121943,2.8398189138462584,-2.939945172739247,0.9102264697954034,-1.534971177415229,-1.0814819575893588,2.024797686230046,-1.9762420697863634,2.502240152753827,1.7209477074120676,-1.9498057820624082,2.7643387846488974,0.9662941130842835,0.41253123715277323,0.5192126579445075,-0.11363165053327827,2.0394827406278164,2.4888833970555977,-2.3108109527036698,0.9786579105673567,2.6389887535881895,1.8869708865305346,1.8580475287593539,0.01683644243291038,-1.0987580936432908,0.819005664213142,0.6158002016611028,1.3355288630053084,0.3626078287824863,2.2836010903388937,1.8006014333158231,-2.5620774501136174,0.32970844166886853,-0.2557336398940931
numHidden 	5
numGenes 	48
minGene 	-3.0
maxGene 	3.0
popSize 	40
maxEvaluations 	20000
mutateRate 	0.01
mutateChange 	0.05
seed 	1551697894781
random 	java.util.Random@6f23bef9
neuralNetworkClass 	class coursework.ExampleEvolutionaryAlgorithm
Training Set Training
Fitness 0.18227363621063827