2.847379856481801,-3.0,-0.24638202187117386,1.9149858919589078,-3.0,0.23834824518657216,-1.4540050872181238,0.07230224366441584,-1.9627415668168635,-3.0,1.993783293365051,-1.3807005502579508,3.0,-0.770548940919402,-3.0,0.08931573662415038,-3.0,0.5216892804976374,-3.0,1.9350106607939759,2.1834494926336774,-1.989911481338233,3.0,-0.9007534934680765,1.5380315543359757,-0.36098499393485595,0.9898868196804538,-2.978202743845166,-0.2542314992565363,1.7713099448384657,2.657975806135355,-2.225157418022052,0.8343764880718922,-0.2243658376776103,-0.4479147538201884,-0.5717434674870218,0.7292384317652422,1.140485899636254,-2.6824966175728897,-3.0,-0.2319047970744197,-3.0,-2.2887021502772775,0.8053306575439156,-1.5353267359695797,-0.31717536969251126,1.7221953859655958,-3.0
numHidden 	5
numGenes 	48
minGene 	-3.0
maxGene 	3.0
popSize 	40
maxEvaluations 	20000
mutateRate 	2.05
mutateChange 	2.05
seed 	1553790770891
random 	java.util.Random@5349b74b
neuralNetworkClass 	class coursework.ExampleEvolutionaryAlgorithm
Training Set Training
Fitness 0.09362891988369121