1.492238538282431,0.2212530181471818,1.9323490670375993,0.9360036245213017,-1.0059290676231887,1.4661250492888909,1.0816812133625566,2.5377828979484947,-0.6246341490024929,0.10562209927936927,0.7684901263612036,-0.5983078689844613,0.7978067304959635,-0.7180765392334076,-1.9118521175656662,-3.0,0.4320285384860827,-3.0,-2.167749288750283,-0.8720771063789597,-3.0,1.427029373785028,3.0,-3.0,-0.8959512853146202,-0.4812092704192562,3.0,-2.1300058268615967,-2.117234324201337,3.0,-0.4189731309589221,-2.197209966177921,-1.1290211631964397,-0.6357392484082585,-3.0,-0.22035168814376893,-2.7878027566336443,-0.4666368333453612,-2.0174112734316068,0.8871565695094707,0.48790504448478256,2.6617549767185302,-2.5458305654947795,-1.8571905271335512,-2.0570899436084713,-3.0,-0.9213773708355358,-3.0,-2.7471961650995107,-3.0,-0.5865197527799387,-1.036776598164543,3.0,-3.0,-2.8928100399366325,1.3608255654897397,-2.400681178364981,0.5427401141049453,1.4633502103839495,2.979368656450368,2.451139826364804,-3.0,-1.6446490627061197,-1.8526857770402594,1.6643454325495373,-0.5724180737409914,2.5737883725361197,-1.1312821154643178,2.289402426182697,2.3888980069382377,0.831255888598845,-0.3373758122631477,-2.282944193822603,0.9634537528296523,-1.477743719033783,0.1012969468529118,2.013738100237384,0.07126172827827318,-0.27323916455581043,-0.8854104695451612,2.9787339787160185,0.39786360823091216,1.2030551953665634,2.295559900278585,-0.999574569343786,-1.4362640466745717,-2.320705086910495,0.34968315380929094,2.2788937489591916,2.065520889562025,-0.29027769791760427,-1.4133859946503833,-3.0,0.8459716102539944,3.0,-0.4709422410359043,1.446841164417192,2.3977864385402556,1.7095769660731215,-1.1792711210861482,0.5995570317473893,1.0254062095912082,1.5478739135577617,1.34326676188683,-2.720249759980887,3.0,-3.0,-2.1339644517929286,3.0,2.1740509013304283,3.0,-2.6837710057708177,1.4401509344704608,2.2588441302003854,3.0,2.3871750383238166,1.6350934355030304,0.24591359054333073,3.0,-1.5748280260458443,2.4896364419711023,-2.5669031035554806,-3.0,-1.045682344651072,-2.2171390562527153,-0.6044735879687672,-3.0,0.36799943690446757,2.1639876453104145,3.0,-0.00544234399561061,-2.5425332288042255,-0.7846977069848091,3.0,-1.152510393543697,-0.899401004793575,2.532949820684693,-0.17185300108113843
numHidden 	15
numGenes 	138
minGene 	-3.0
maxGene 	3.0
popSize 	40
maxEvaluations 	20000
mutateRate 	1.05
mutateChange 	2.05
seed 	1553706425222
random 	java.util.Random@3e052d15
neuralNetworkClass 	class coursework.ExampleEvolutionaryAlgorithm
Training Set Training
Fitness 0.12856991379025998