-2.221314784247764E48,-1.3632499360983584E59,1.4592715305726253E50,-5.606028498099084E54,-3.5851395179999265E49,-7.370864571461355E51,-2.2760084924204472E46,-7.575656295366926E52,-7.316240711359526E45,-2.2157404881573996E49,-2.7089342013723976E54,-3.931326262928957E44,5.864191732014395E48,-6.963573513122967E51,-2.5298559223902235E54,-4.761188632950336E49,-8.795194532883384E48,-9.743296708640729E51,-5.259471404225648E51,-6.412260729524582E52,-1.158659645279469E53,-2.9925409833414725E46,-6.393207950702536E51,-1.8750755641746025E49,-1.5120392165805948E51,-9.792985472612942E52,-5.347962637506946E48,-1.2241128499434458E51,-1.0993356194414823E49,-6.808966587864607E45,-2.003234467641793E53,-1.799115895801554E51,-5.801006126501424E49,-6.186029277179246E47,-1.3826515884777082E46,-3.8104203822346746E46,-3.4077176251921755E48,-2.278922111965236E50,-6.109226332916397E48,-1.1217226760755083E53,-1.2281143373101443E50,-2.5114057978753428E47,-2.2136046383153205E49,8.39012945133754E47,-8.507270061497237E53,-9.060288183482385E55,-1.7205635693246234E50,-2.0608842598700662E50,-3.816128150513887E52,-1.0864046833118635E52,-8.345646546943272E48,-3.7073124270698196E51,-1.4870834819281765E51,-8.173667764569087E51,-1.3052161161571696E47,-2.1168929723619474E51,-4.074845684460085E56,-6.993697032472689E52,-2.3615880172717554E50,-4.5945703095474764E48,-6.854796064847735E49,-2.0804356501800252E54,-1.525627815810485E50,-5.739413195449537E53,-3.620300123983948E47,-1.8467013044293756E57,2.8234265033518726E52,-3.5662845814679246E50,-2.37186709589721E51,-3.356081696683984E48,-7.07038447077631E48,-3.819645645897343E46,-3.354977025919979E50,-2.8819154507065427E52,-4.8814095468009335E53,-3.4162228276048243E50,-3.0219783403974385E48,-3.1624145464599073E52,-1.1875757129718607E50,2.7767410526172036E51,-1.3193882931229605E48,-5.95554909207195E46,-6.357831341600206E49,-1.7246175752425994E44,2.1624930118031224E48,-1.6766412899441527E51,2.5769759351161887E53,-6.334364091916494E43,-3.7124418677820617E45,-7.479482173203051E50,-1.4077567708167736E48,-1.309529185774574E53,-5.191630040474675E51
numHidden 	10
numGenes 	93
minGene 	-3.0
maxGene 	3.0
popSize 	40
maxEvaluations 	20000
mutateRate 	1.25
mutateChange 	2.25
seed 	1553622999531
random 	java.util.Random@690a4ca1
neuralNetworkClass 	class coursework.ExampleEvolutionaryAlgorithm
Training Set Test
Fitness 0.22777221521050414