1.52431167429839,-2.9742025576580247,-2.456744407485792,0.472629034158228,-1.967975960360299,0.06660672025049696,-1.4454008462241315,-0.11600492490107817,-1.3762974289300174,-3.0,-3.0,-1.3419933624347995,-0.4213302744079098,-1.7147162665824258,3.0,-2.155602846420759,-2.9094679792702354,-3.0,-3.0,-3.0,-3.0,-0.42918542378510294,-3.0,0.12587830241624753,-1.6727303471328019,-1.5930113722218378,-0.4959810217792484,1.6175505830766415,-1.4459021996476182,1.0242537720801326,0.776382522065813,-0.2526578935180047,-3.0,-2.893008334432687,1.9425853518412233,-3.0,-2.4247626136771814,1.242073674163059,-0.6433172399865881,-1.2830288641317713,-3.0,-1.3517157709839582,3.0,-3.0,-1.8462179198769977,-0.8461505704856848,-2.780605890200385,-3.0
numHidden 	5
numGenes 	48
minGene 	-3.0
maxGene 	3.0
popSize 	40
maxEvaluations 	20000
mutateRate 	2.05
mutateChange 	2.05
seed 	1553783640958
random 	java.util.Random@2be6ac39
neuralNetworkClass 	class coursework.ExampleEvolutionaryAlgorithm
Training Set Training
Fitness 0.06351922008032117