-0.925382393675531,0.8677895194143452,2.514116545591971,-1.1830118214525231,0.4467872642630003,-2.5112517405395756,-1.861577283788888,0.715468406182306,2.6570842435827067,3.0,1.266212254063824,2.5978536689557,3.0,-2.7248331107886883,0.6451507083387986,1.8589156248969378,-1.7336070824690684,-0.8663217334413198,3.0,-1.6821657359623747,1.8963265730291838,-0.07269922430851183,-1.620363141447864,2.3432362870545194,0.07499518254085857,-1.0974282504973965,-1.2739917723292922,-1.3943386025987632,-0.2872908453962333,3.0,0.33360543651137364,1.927434721574628,-1.1367920871712793,1.557582345966325,-2.877414593614328,-0.8393319064433529,2.5928503381605124,1.7224102368954175,2.6178661587805174,3.0,3.0,3.0,0.8436610919401244,2.169751876585523,1.5887139201589955,3.0,-0.3062161790233371,-0.02612049952969131
numHidden 	5
numGenes 	48
minGene 	-3.0
maxGene 	3.0
popSize 	40
maxEvaluations 	20000
mutateRate 	2.05
mutateChange 	2.05
seed 	1553781673047
random 	java.util.Random@4485dd8f
neuralNetworkClass 	class coursework.ExampleEvolutionaryAlgorithm
Training Set Training
Fitness 0.11921342272222782