-2.564113018865791,2.4523577529478295,-2.6828358751122203,0.12202548582784178,3.0,0.6817151446163516,0.7446497584985026,1.7383539993473824,-3.0,-1.9057128139780206,3.0,0.7924570791776634,-1.2624146830092218,-3.0,1.8360227715987025,-0.35294210146751537,1.728151877008161,2.17389990209063,-3.0,-2.1160047534924527,-3.0,2.096886278244109,-2.1968957250483907,0.9573062127073864,-0.03817158023573852,2.023533767926554,-3.0,-2.1198434903778636,1.0392451156599383,3.0,-1.5150832579541929,-2.1055572992982388,-0.25939674205613517,-3.0,-0.7230094718002924,1.0788874860569155,2.2478755130094887,-2.106552088891724,-0.07423946877804322,-2.0151690079166364,0.32750402114480437,-0.8293399200754539,3.0,1.0889324029875982,0.39498505137337736,2.407192063098406,3.0,-1.338576560103323,-2.479732423830784,-0.3505920851751989,0.6413396788279901,-1.5022391014464862,0.6989337581803323,0.14546786654192623,-0.6533274750209321,1.3579831707882661,2.1652773141116826,1.884388913657208,0.9807146814486323,2.1306228239004055,-1.2546124249451618,-0.36399863486085815,1.937519711714258,-3.0,-3.0,3.0,1.1143592264803424,1.1991736714273775,-3.0,3.0,-3.0,-1.5057335377573169,3.0,-2.7242479418376195,1.3100879343513625,-3.0,-3.0,3.0,-1.9933235752205434,1.3706720618104158,3.0,3.0,-2.1022252219563313,0.5326281324939393,-2.120388243930381,-2.9429214949716154,0.24201746096213683,-3.0,-1.5790747482941465,-2.639705923521078,-0.7286948055282385,3.0,0.8178814029869659
numHidden 	10
numGenes 	93
minGene 	-3.0
maxGene 	3.0
popSize 	40
maxEvaluations 	20000
mutateRate 	1.05
mutateChange 	2.05
seed 	1553704006405
random 	java.util.Random@2be6ac39
neuralNetworkClass 	class coursework.ExampleEvolutionaryAlgorithm
Training Set Training
Fitness 0.11859751870553209