-1.5976367870681236,-3.0,3.0,0.6563370496483767,1.8717265639014664,1.0295363615166808,-2.398689456899108,-3.0,0.506629151348141,-1.42499688830251,-0.899106504568657,-1.2510425165956378,3.0,-1.5636140789935111,-0.6279840760847337,1.2406657476119949,2.8949733560431126,1.1566020310440583,3.0,3.0,0.2699999435393323,3.0,0.10722812074529586,0.17877346816273887,2.0023425653791014,3.0,2.2188174960268534,3.0,-3.0,2.3561095812930595,-1.679556317119642,-0.3891976023845567,3.0,0.6351642387053595,-3.0,-0.38236109400994467,-1.0102120953099405,-0.9403817727791988,3.0,1.236704583286109,1.1204836606432178,-3.0,-3.0,-3.0,0.007144993708070757,-0.19466952328075404,-0.33785842104694475,-3.0,0.8915571872136848,-3.0,1.825575142132652,0.475929118689167,0.5810603526565368,1.3537623267886874,1.6501835427281195,-2.028028080097914,1.4266771097106867,0.3217767635416027,1.9484198105679493,3.0,2.101675583195509,-3.0,-1.1505979898489191,0.8099614300148212,3.0,0.8319086535607376,1.73094951361079,-0.9856217414865107,1.5783573430683848,-0.5743256481750598,-2.1485265969383223,2.369903813246466,1.8459347168722635,-0.30455317253520775,-1.9755555312321504,0.2157427254412312,-3.0,-3.0,-1.3219682055813777,3.0,3.0,-2.80135809388474,1.731385727877467,3.0,1.1961596593660757,3.0,-1.3189253355077781,-1.1412251330046232,2.2061467212448505,0.5054143089154515,-0.5970610292222238,2.2278825472189148,0.9156808017664975
numHidden 	10
numGenes 	93
minGene 	-3.0
maxGene 	3.0
popSize 	40
maxEvaluations 	20000
mutateRate 	1.05
mutateChange 	2.05
seed 	1553705407547
random 	java.util.Random@4485dd8f
neuralNetworkClass 	class coursework.ExampleEvolutionaryAlgorithm
Training Set Training
Fitness 0.14246845776965947