3.0,-1.3883784527363159,1.2056908826404573,-3.0,-2.6062752042007484,3.0,-3.0,-3.0,1.0132349649241497,1.0595638483816656,-3.0,-2.71448399536302,1.4927772672464419,-2.0474557386349472,3.0,0.40868881154892467,-1.980837165080384,0.04061332604110501,0.833663416824203,0.2646183555779568,0.7036202025140309,-3.0,-3.0,-0.4623073162573179,-2.888670224246752,-2.6641986231313437,-2.616177972601678,0.8645748942195426,0.2837366854358836,-0.3511122681012153,3.0,-1.7915177875635369,0.39871842417889813,1.4697391627453134,1.6019187607791625,2.5589932171540815,-1.3039025119285481,-0.6272416908121943,3.0,3.0,3.0,-1.6420029618559013,3.0,3.0,3.0,2.3920637971769105,2.8237673930042178,-3.0,3.0,-1.7749419591199358,2.031744472032567,-1.233505252196685,-2.5109993497023315,1.1521931340655274,0.2088193585986442,3.0,-1.4035829203728778,-0.08518974296782578,-0.3061047334539748,-2.599691702288747,-3.0,-2.633032640300627,0.2242342463162723,-0.02864728340667244,-0.2592459494239221,-2.36452171562252,-3.0,0.49345356149376807,0.009182068827494838,-1.545935883470478,1.6828659599844498,-3.0,-2.147615383080436,3.0,3.0,-2.181425765510054,-1.6207525521435455,0.7599173646015933,-3.0,1.289352532502684,-0.6543853891523599,-3.0,-3.0,-0.8767787539803193,0.09495421790954284,2.5844254116796046,0.4974331396736865,1.3996813146553788,-1.0017179478606022,1.373682632255816,-0.44013263538667724,-0.1532999879061756,0.8653419391748819
numHidden 	10
numGenes 	93
minGene 	-3.0
maxGene 	3.0
popSize 	40
maxEvaluations 	20000
mutateRate 	1.05
mutateChange 	2.05
seed 	1553704142029
random 	java.util.Random@6df77205
neuralNetworkClass 	class coursework.ExampleEvolutionaryAlgorithm
Training Set Training
Fitness 0.10911620764958824