-0.17211140245996037,-2.2892956011582006,1.1547087513559076,-0.5195312738875563,0.2376239993075865,1.4101157488627534,-0.9099951562220358,-2.4815497965275264,-0.6844028576569916,-3.0,3.0,-1.5727209698407887,-0.9169488951404916,-1.922989342975832,0.07489018020166704,-3.0,-0.13018086377655314,-3.0,0.8217541570302664,-2.583921888783764,2.848854099103925,-2.7787103095774706,1.478822730774382,-0.17694783329523966,-2.243381095482432,3.0,-3.0,-0.8537229704172373,-2.5676228369309984,-2.3473465627270067,-2.067957095687679,3.0,-3.0,-1.7846722371613883,0.4901725256287979,-1.2583639338561563,3.0,-1.9271550391055787,-2.7556396547429944,-2.3964396936659074,-0.18385098704656166,0.0659193214621212,-1.8067238427571213,-1.5682965739480013,-1.24689546524356,0.7152184978062635,0.44175907097384015,-1.2242408407737746
numHidden 	5
numGenes 	48
minGene 	-3.0
maxGene 	3.0
popSize 	40
maxEvaluations 	20000
mutateRate 	1.25
mutateChange 	2.25
seed 	1553627327335
random 	java.util.Random@1eb550d5
neuralNetworkClass 	class coursework.ExampleEvolutionaryAlgorithm
Training Set Training
Fitness 0.1368349770950301