-0.6806661531984837,3.0,2.3289746226795285,-0.3599100507038344,3.0,2.968395199408766,0.6814059523636933,3.0,3.0,2.303080085650959,-0.6404105695802822,-3.0,2.671114986988166,2.0271372841599,-1.2945795496171095,-1.2299417106865789,0.7922993743068797,3.0,-0.7801704092764559,0.46872878360633474,-1.405778319978489,3.0,-1.679941416570723,0.24307698502794217,-0.6028571686489906,-0.6055735735266343,2.2735586315500824,-0.09254550158799346,0.703396574469985,-3.0,-0.9837536964362157,-0.245024620961375,3.0,3.0,-2.7587526623215473,-0.22770047378140368,-3.0,-0.32074894775590423,3.0,2.710698577197978,1.18541534382148,-1.3352979753523957,-2.743389303223053,-3.0,1.2934659397198176,1.134721320712742,0.9759224377021343,2.737058701877953
numHidden 	5
numGenes 	48
minGene 	-3.0
maxGene 	3.0
popSize 	40
maxEvaluations 	20000
mutateRate 	1.25
mutateChange 	2.25
seed 	1553693411416
random 	java.util.Random@1d54c76d
neuralNetworkClass 	class coursework.ExampleEvolutionaryAlgorithm
Training Set Training
Fitness 0.15059913387585547