-7.722997521876023,-5.499337210057952,-7.050374463873858,39.032123101426734,-74.10210672449948,16.154015635706003,2.773109330624557,16.30000570096237,-0.4094332459507477,-2.4228518014030804,33.467940397392525,-16.960789652108986,-20.98254908518594,-16.427439492219676,-18.95736406977842,5.873812854630728,-6.928155440943165,4.106923476258121,-12.052608950506546,-0.7946375891319057,-15.648410521980107,10.774110259177512,-17.822688128456583,27.95710851090019,-8.351312779666394,0.7477278831950649,29.893272986086927,-24.719158713128877,6.805383321996338,7.372012624640146,-2.2150567309482945,-18.852327167401853,-59.23033224638346,26.194253241607964,-32.89829680674613,-23.132869845775076,27.603058836088678,-33.16630216775605,-9.584155496251004,-8.860520638512531,-6.949039199204691,10.611201752635164,-23.24138326726539,7.2442490902233665,-34.419190337235726,-24.169332377306247,22.28335586810445,1.9034639161064835,3.5256384790098956,41.50762756706065,-19.938896701274125,-2.268850013437273,5.140621049083416,5.1821122879813455,-1.9972054592347472,-25.008781724906562,-2.012429224056717,-9.767748906332123,12.22826916987555,26.633880323137394,-12.8927064158127,-33.17815760005402,-18.533974782063503,-15.233703739102719,-29.077881030452772,-10.730569150589773,-25.231186333850104,8.83620342627568,-42.269148585247756,32.218224693246164,-24.531161103568664,-10.63218031768546,-5.484192824673954,-29.98451588477797,-0.6274935290164265,-34.4126376765965,15.576525327722006,-4.32319261252451,-12.29167399883626,-32.28892829394928,0.2371616170034052,1.7150396370184229,-12.707245563351073,11.541673881440488,-26.455504699471106,10.455323831785886,8.267433022637853,-1.670235465399383,-1.519095711680933,-36.26288640899555,-6.912555722041745,1.6046424419801681,-6.2384185670993375
numHidden 	10
numGenes 	93
minGene 	-3.0
maxGene 	3.0
popSize 	40
maxEvaluations 	20000
mutateRate 	1.25
mutateChange 	2.25
seed 	1553622512349
random 	java.util.Random@19b40616
neuralNetworkClass 	class coursework.ExampleEvolutionaryAlgorithm
Training Set Test
Fitness 0.11732999674504706