1.5735575760595943,2.589577715028159,-3.0,3.0,-3.0,-1.6602774239955596,1.706853308139775,1.6485386316767503,0.12594964842741918,0.5676040456866824,0.24678642440795628,-1.9035271072344926,-1.1739931367568626,2.134492522843601,0.6373013092621348,-1.2507227302891146,-2.152611541069567,3.0,-1.006612079499066,3.0,3.0,1.0792675053734877,-1.8277356748261078,1.424599605777493,3.0,-0.05763209163813099,2.6573665525821695,2.4959365933667232,3.0,-0.4848112018302937,3.0,-1.7888485138287582,-2.700808015915838,2.3361832211133513,2.2654949852979636,-0.9926917289548984,-1.1624228294861574,3.0,1.7303202721362123,-0.34446723191923256,2.3794018670541326,2.16826084910333,3.0,-3.0,-1.719439395260456,3.0,3.0,-0.3428747542021834
numHidden 	5
numGenes 	48
minGene 	-3.0
maxGene 	3.0
popSize 	40
maxEvaluations 	20000
mutateRate 	1.25
mutateChange 	2.25
seed 	1553699624370
random 	java.util.Random@6df77205
neuralNetworkClass 	class coursework.ExampleEvolutionaryAlgorithm
Training Set Training
Fitness 0.151902431577194