-2.3722837628476965,-0.8272714905119598,3.0,-2.717568379950783,-2.797060125871476,-0.7225691080680068,0.07894248328186115,-2.56498261843522,3.0,0.6038702324670852,-2.517193724811274,-0.22847558213184216,3.0,-3.0,0.6745126625111666,0.30501121464520853,-0.5507059795736293,0.9494003826074745,2.579405487911964,-1.2157068951324534,3.0,-0.220172105270952,1.5165279970362961,-3.0,-0.2227191891433571,0.17799613959153904,2.276534638594353,-2.5483483173332973,1.3088184283261626,-1.1411003373085835,-3.0,0.4846890835231352,-3.0,1.6572195119317743,2.488547504968218,-3.0,3.0,-1.0150118652278046,-1.3828644613643566,-1.3435707036232736,3.0,2.1848017658445,-1.8290113361730476,3.0,-0.939764779731643,2.32575405709864,0.9307419026401741,2.6613051199528224
numHidden 	5
numGenes 	48
minGene 	-3.0
maxGene 	3.0
popSize 	40
maxEvaluations 	20000
mutateRate 	1.05
mutateChange 	2.05
seed 	1553706628495
random 	java.util.Random@1eb550d5
neuralNetworkClass 	class coursework.ExampleEvolutionaryAlgorithm
Training Set Training
Fitness 0.12280178843083939