3.0,-0.11454594053991807,0.5878620970741539,-0.819094777169356,-1.0572467408861235,-1.3156955475655112,-2.703349863224714,2.5532747015098467,2.2084847722574343,-2.519516186756788,-0.276292454241297,3.0,-3.0,-3.0,-0.7339703762093881,3.0,0.3950152067166879,-3.0,-3.0,-2.6607010346101254,1.0288898696358477,-3.0,0.04341132416307181,-3.0,1.078313881118469,-0.4632834408848353,1.2304513518225342,-0.20495444556535536,-1.0548681421178174,-0.343941008282856,1.9669175349900905,-0.8447578690811399,0.6945496964040341,2.650451141502851,-1.3233661732979733,2.8252520804660466,1.325639747051409,-1.4417074538036085,3.0,-0.8382328654134399,-0.19674831945650828,1.0501670900926139,3.0,3.0,-3.0,2.409280237379691,1.4800745593178817,-0.4962992460395439
numHidden 	5
numGenes 	48
minGene 	-3.0
maxGene 	3.0
popSize 	40
maxEvaluations 	20000
mutateRate 	2.05
mutateChange 	2.05
seed 	1553781515081
random 	java.util.Random@67355e68
neuralNetworkClass 	class coursework.ExampleEvolutionaryAlgorithm
Training Set Training
Fitness 0.10321844810493366