-1.501405399027651,-0.41303995758559386,0.12078826122276798,-1.743810766712049,-1.5623131286509198,-1.8636920684204665,1.2189327762754403,1.9366513498913376,-3.0,-0.6118152007624916,1.7347516675789703,-1.366106020839756,1.7044916402935626,-2.2632323724328796,2.385089004257695,1.4033296960940205,1.9183795400145573,-0.2548367353408504,0.965739211917491,3.0,3.0,-1.7060025414955367,-1.6886520470838233,-0.3461493937172624,-3.0,3.0,0.5404724664296263,-0.8910082628069858,-3.0,-3.0,-1.405292762235978,1.9554317451770833,1.517168670787245,-0.7704550926769891,-1.685896066271706,3.0,-0.5603314737880571,-3.0,2.101676121867791,-1.7030252222225604,3.0,-1.1571575028458552,-2.070539834880153,-1.7738199754333326,1.5158498249108172,2.7770270595406363,0.1534433289518086,0.14939902762358598
numHidden 	5
numGenes 	48
minGene 	-3.0
maxGene 	3.0
popSize 	40
maxEvaluations 	20000
mutateRate 	2.05
mutateChange 	2.05
seed 	1553780463123
random 	java.util.Random@3879afc3
neuralNetworkClass 	class coursework.ExampleEvolutionaryAlgorithm
Training Set Training
Fitness 0.12995545893384577