3.0,0.577195425255792,-1.5192905432756298,0.9323213569549458,3.0,-1.6040097087653953,-2.9322635749440584,-0.18791723547238992,-0.979594103881879,3.0,0.36049374434832604,1.5595677049429053,-0.6182303002515951,-2.499537526681184,2.103057340751609,-3.0,-2.927474557907093,-3.0,-0.8670360689542864,-1.966479188765253,-2.069600060456933,1.1251667429059862,-0.27446420713497344,1.0618936556020766,3.0,-2.2056136673303213,0.9769359979293637,0.65395803712049,-3.0,0.8165514280666398,0.14927673546598919,1.519051632670931,-2.0623580125811625,3.0,2.300681880834562,-1.9420788387022174,2.4072704644732563,3.0,-1.1899111416465467,-2.4106427585306545,-0.334336690239756,-1.1460468679774476,3.0,3.0,-2.8239757640922685,0.7932388946714775,0.7659815500729341,1.4693328794927019
numHidden 	5
numGenes 	48
minGene 	-3.0
maxGene 	3.0
popSize 	40
maxEvaluations 	20000
mutateRate 	2.05
mutateChange 	2.05
seed 	1553706926763
random 	java.util.Random@32c150cc
neuralNetworkClass 	class coursework.ExampleEvolutionaryAlgorithm
Training Set Training
Fitness 0.13624688558907852