-3.0,-2.800957281130309,0.28570353874867926,1.0341479040726749,1.290122708650837,-0.6136120258168928,-3.0,-3.0,3.0,0.7172365540854924,-2.3001647205765017,-3.0,-2.4651499041227787,-1.1853469372425747,1.9755999749882565,-1.1787533978644809,0.7465902952458539,3.0,-0.1546679860988828,1.014888143885795,0.5246352850884304,-2.370950080720379,3.0,0.5754455260974832,-1.1305844622209655,-0.30172165691952,3.0,-3.0,-3.0,1.4522104718103477,0.43417497652088594,0.2751265138235438,-2.2418449199613484,0.4704139670699712,-0.6830533427895236,-1.511488467138041,-2.2165410232151244,0.1766317403966946,0.8551319248572691,3.0,1.271337171282751,3.0,1.9502855928486762,3.0,1.0340013611930774,-2.5375060816106068,-0.6177134605121657,-0.9793692927969887,1.0473976549894706,-0.9462714045549768,-3.0,3.0,-0.774492643287264,-3.0,2.375481167492608,-1.6205456834621612,0.6410927665274064,-0.8989190207613844,-3.0,-1.234712682710045,3.0,0.875946237929736,0.3230166562886032,-3.0,2.36794592250307,-3.0,0.7461576243002817,1.2368658557751857,-3.0,0.34553751781339925,-1.6584844620170422,-3.0,-1.4828484088659653,-1.4073785306715887,0.18945773086504292,-1.6474519292258765,3.0,-3.0,1.4900041238066195,-0.1606141939439647,2.086727624967932,-3.0,1.471189175374692,2.8924266091414648,-3.0,-2.3896635432597844,0.9613027705304398,0.7238260202587876,0.4793401284604535,1.8069128051008267,1.6480754750416753,1.077825902652937,0.5665363318880345
numHidden 	10
numGenes 	93
minGene 	-3.0
maxGene 	3.0
popSize 	40
maxEvaluations 	20000
mutateRate 	1.25
mutateChange 	2.25
seed 	1553624733084
random 	java.util.Random@72b61b0f
neuralNetworkClass 	class coursework.ExampleEvolutionaryAlgorithm
Training Set Test
Fitness 0.150314875562803