-3.0,1.7278155921825258,-3.0,-2.206572293864461,0.12731128698747515,2.1813312472790223,0.6394686679720771,0.8776692397922283,3.0,1.1624196960766708,-3.0,3.0,-2.2068586751780606,2.7894418659958884,1.0094967745378955,-0.18561620205852325,0.6682062071745065,3.0,-1.4431458378163637,3.0,1.979800089679637,0.5673587104134024,-2.7806136410550812,-3.0,-2.559630245146435,-3.0,2.2252620537204795,1.3331160059551048,0.19460656679551613,0.8843919096138653,-3.0,0.14884597081091844,-3.0,-3.0,3.0,-3.0,-3.0,0.037835415198601785,3.0,0.6084481197574267,-0.6981225299773777,1.1447677827309088,2.544073771597506,1.2972667699441243,3.0,3.0,3.0,2.8981965253222057
numHidden 	5
numGenes 	48
minGene 	-3.0
maxGene 	3.0
popSize 	40
maxEvaluations 	20000
mutateRate 	1.25
mutateChange 	2.25
seed 	1553703438223
random 	java.util.Random@53bcaba7
neuralNetworkClass 	class coursework.ExampleEvolutionaryAlgorithm
Training Set Training
Fitness 0.12951732440471872