1.673874827207125,-0.6309317659375895,-2.1007423742300517,0.08911316745101805,-1.9460353479736054,0.5735247331934951,-0.12101006295422789,2.9835741492203245,-3.0,1.6956007246429023,3.0,-3.0,0.07015314481880242,1.2659369215639842,2.4532123594900233,3.0,-1.9924307282231064,0.6920093084361554,-3.0,1.6326423467734101,0.8204320289479354,1.06338256933542,0.8665451756464007,-1.0863181092816887,3.0,1.6931322556945667,-0.5292944667996087,1.1984857269616043,-1.1408792581850462,2.2407351616524913,3.0,-2.097771219427539,-3.0,1.1201732377604285,-3.0,0.6593355391793068,3.0,1.4158429299319866,3.0,-0.7612431788957963,3.0,0.6911581680648202,1.5246763919901045,-0.9341209856972617,3.0,-1.9370664915015912,1.858604894943241,-2.1252660394815814,-0.625128194014377,3.0,0.010379244654106223,-0.796115078659151,1.0334721975606547,-0.3552363604963258,1.3005162530773848,0.16239636710990757,-3.0,3.0,-2.4737686487941444,1.536578218340163,3.0,0.35672416884497427,-0.7752666416827847,0.23620088708590758,0.41996467261550463,-1.7063108800135625,1.0270977138768287,-1.0795206894957983,2.0036898953620046,1.7292986374497412,-3.0,3.0,2.324605637026961,1.194822253174662,0.9434183715903883,-1.1572018520558336,-1.1725317395937007,2.724493170105897,1.9476280396049417,-1.3948110496952024,3.0,2.207421808603682,3.0,0.3889253878930462,0.46749731364153346,0.3201555777684746,1.6167481122674414,0.8047973589413895,3.0,1.4308622692059982,-2.9666861519877905,0.7917315612530815,-1.0728250349811979
numHidden 	10
numGenes 	93
minGene 	-3.0
maxGene 	3.0
popSize 	40
maxEvaluations 	20000
mutateRate 	1.25
mutateChange 	2.25
seed 	1553625042872
random 	java.util.Random@7f80053c
neuralNetworkClass 	class coursework.ExampleEvolutionaryAlgorithm
Training Set Training
Fitness 0.1351593295172924