2.9306846508741815,3.0,2.408593242656713,2.3261334384086325,-0.7076969560528539,-0.8580191663028534,-3.0,-2.3402728844022676,2.1748862209186823,-3.0,-0.6503467514978936,-2.2782541814686983,0.11282839322624649,-3.0,0.37928296398045946,-1.6192852201162533,3.0,2.172610911487514,-2.20046527593126,-2.2876374453941946,3.0,3.0,0.12450582765112794,-2.353420064211196,2.045778415696936,-1.7740286593166799,3.0,-0.04821381001987746,3.0,0.02139099178710399,1.3673616048830015,1.8444385740080933,-1.5279352024916433,2.7489318825145985,-1.2595277042206205,0.9495733745694259,-0.39199105465784667,-0.590409871403587,2.142805629387934,2.0461035319005756,1.3748833678098842,-3.0,1.8809624762469812,-0.6158267463426715,-3.0,2.2776509521644788,1.264991147383825,3.0
numHidden 	5
numGenes 	48
minGene 	-3.0
maxGene 	3.0
popSize 	40
maxEvaluations 	20000
mutateRate 	2.05
mutateChange 	2.05
seed 	1553706926763
random 	java.util.Random@32c150cc
neuralNetworkClass 	class coursework.ExampleEvolutionaryAlgorithm
Training Set Training
Fitness 0.13569421924808991