-0.779983782712192,-0.07432440781327354,3.0,-3.0,-3.0,1.924688640537757,0.1265553892571889,-3.0,-3.0,-2.3144824222980933,3.0,0.7805328206432094,-0.16879015441023748,-2.8841206699651627,2.656009239332968,1.76289873721489,1.981778488563778,-0.8172627218562818,1.7997148672449412,-0.6131016636674551,-2.5996939468297526,-2.4332076410901724,3.0,3.0,1.7293640774495698,-2.302547566172759,-0.4820206821818324,-0.013307665232802579,0.3319423709740028,0.2721818943392713,-0.14062207586663789,1.3197199861954687,-1.1827907816970058,2.336838624458864,-3.0,1.9592651159477978,3.0,-0.9719817935910686,-3.0,-2.4915036204759478,3.0,1.2878558823295925,3.0,3.0,-3.0,2.9674681287732456,-0.5472823258430406,0.2707416364452586
numHidden 	5
numGenes 	48
minGene 	-3.0
maxGene 	3.0
popSize 	40
maxEvaluations 	20000
mutateRate 	1.25
mutateChange 	2.25
seed 	1553700225593
random 	java.util.Random@3e052d15
neuralNetworkClass 	class coursework.ExampleEvolutionaryAlgorithm
Training Set Training
Fitness 0.12146431804420171