0.48219588002702274,1.7951693212358997,1.0319529148395536,-1.1616836573404514,-3.0,-0.6444972710101351,-0.8333919446406972,2.161133521253687,0.6273061054780418,0.0958555011113782,3.0,3.0,-2.6281541454804573,-0.6218933052058153,-0.8224097281025791,0.21803610284036368,-2.8691793707794107,2.063205289644565,2.1834830693225484,-0.10249315277219595,-2.159053128588499,2.461821561847982,0.9518274495028272,0.3748803970527239,0.6808373292269401,-0.5964538647367423,1.7910985811479754,-0.44026560879873566,-3.0,0.17570770301362382,-1.3318865833728113,2.160140398838375,1.8365672115595606,2.3224443416702214,2.277879695318595,-1.7544334221060167,-3.0,3.0,3.0,1.528681355379127,-2.9773587898615235,-1.5355881447788635,-3.0,1.3878274394798604,-3.0,1.1717721522065996,-2.1969504755969935,1.8644717034774765
numHidden 	5
numGenes 	48
minGene 	-3.0
maxGene 	3.0
popSize 	40
maxEvaluations 	20000
mutateRate 	1.25
mutateChange 	2.25
seed 	1553697083787
random 	java.util.Random@9215255
neuralNetworkClass 	class coursework.ExampleEvolutionaryAlgorithm
Training Set Training
Fitness 0.1388006836458417