0.6447533804886652,-3.0,0.8617875837461844,-2.5268079739350577,-3.0,3.0,-3.0,-0.9267765399040422,-0.9570147244632041,-1.004133195562801,0.5901479274151997,-1.1023079616946814,0.9280993245218947,3.0,-3.0,2.021151523975043,1.3453744356224306,1.9835739826527166,2.5577706002874163,1.8832392437609689,-3.0,-1.2158354702770597,-1.9793248472912566,-2.6358436787884196,-0.3759104390791562,0.060148214412074186,-1.820820488574155,2.0837022186809766,-2.315017867502603,-1.5678632910863959,1.9698784691402396,-3.0,2.3438831999228693,2.4836662021964866,0.17943454420193783,0.9391923285029562,-0.08254085540052047,-0.6704665068736567,-0.07991174783382649,-3.0,2.579663222197978,-2.647722178238872,3.0,-0.8353296188586063,-3.0,-3.0,2.946608261876074,0.9445961535017321,-2.879989843208622,-3.0,-0.804618321375616,1.0640499252009894,-0.8708298636942664,3.0,1.7626595015889472,1.6455018871097693,-2.281675475253864,-1.9078997941235274,-0.5072455976679602,3.0,-3.0,0.9051417594041237,-3.0,-3.0,1.0475981829820764,-1.1689009926984482,3.0,2.148221070891318,3.0,-3.0,3.0,1.1870926463354796,-3.0,3.0,-0.019866267249598835,-1.7938808176778247,1.0704888440081,3.0,0.18480504832389943,2.5770136591642947,1.6034289084167073,-0.05804651501219005,3.0,-0.8468850906030831,-0.9016571432891625,-1.4630929260570316,0.042626214371303206,1.55951730084798,-3.0,-2.4109956965129653,0.4143179735219945,1.512939968273551,0.5036296542285554
numHidden 	10
numGenes 	93
minGene 	-3.0
maxGene 	3.0
popSize 	40
maxEvaluations 	20000
mutateRate 	1.05
mutateChange 	2.05
seed 	1553705298944
random 	java.util.Random@4485dd8f
neuralNetworkClass 	class coursework.ExampleEvolutionaryAlgorithm
Training Set Training
Fitness 0.12611744976771988