-0.06273435944732442,0.7402798621672246,3.0,1.9646154746403517,-2.5168705390059847,-3.0,3.0,-2.0134919520933448,-1.3420697144528504,0.3664435935128837,-2.566266120757393,1.212691081312541,-0.5617956450581905,-0.3679637146962298,1.0973943791707335,-3.0,-0.03756262205553185,3.0,3.0,-2.9890319403942818,-0.2954196922831991,-1.902374901978689,0.39411858383630416,-0.29206300442296507,-1.1648642691595292,2.4772936429846517,-1.296309660411307,-2.2230329280241112,-3.0,1.0223325588319665,-3.0,-2.1180979846867056,-3.0,-1.287098561592662,-2.8343308682124495,-2.860910179806182,0.7005377257432721,-2.1555735311946522,2.2059297282244703,0.7757424779626245,1.1562268786189906,1.1288754771837506,-0.7300809279675626,-2.2597990849418137,-3.0,1.9715723792862758,3.0,-0.05255233437730278,-0.8514792806596404,0.7980406172712714,0.22226049934798642,-3.0,-0.5072190127152789,-1.051201637638934,2.857437754492679,-1.2998001443913427,3.0,-3.0,-0.15686777689913206,2.4281835307649446,2.587151258484792,3.0,-3.0,-1.4246622890599194,-0.9864579563700553,-2.168278650204673,-3.0,3.0,1.5383808123714213,-2.852252524205471,-0.28187481578026863,-3.0,0.2527314191998056,1.2093467554930002,-3.0,-2.2546993034465754,-0.4408349485636116,-3.0,2.2370300632685884,0.20773351126706863,-0.16423369765661833,-1.1865142715171473,-3.0,3.0,0.18998898003432751,-0.9468800241395763,0.3905717349213851,0.8779947137582824,0.8412775068505651,-2.0270358448510284,-3.0,2.3714600853110226,-0.15300693976782065
numHidden 	10
numGenes 	93
minGene 	-3.0
maxGene 	3.0
popSize 	40
maxEvaluations 	20000
mutateRate 	1.05
mutateChange 	2.05
seed 	1553706096667
random 	java.util.Random@53bcaba7
neuralNetworkClass 	class coursework.ExampleEvolutionaryAlgorithm
Training Set Training
Fitness 0.1359980018949814