1.38044747476288,-0.11171556011362882,-1.5007122424133896,-0.6510475514815512,1.9322565316580433,-2.3084767664796804,-3.0,-3.0,1.3906938596064908,-3.0,-0.1909422439830808,2.102839099929471,-2.866333446451953,1.7513936290686243,3.0,3.0,-3.0,-3.0,-3.0,0.2767515280905266,-0.8701276968259601,-2.0481066542596813,-1.4906678669607019,-1.9492750005686,-1.970893431132249,-2.419466218844136,-2.632918364319179,0.6857997754179133,0.5863424284687859,0.7547012688902037,-0.11575984377210602,1.6070408265593117,3.0,3.0,-2.111916266580726,-0.2031742569818168,-3.0,2.941448588299809,-3.0,-0.3374759821799218,-0.11382791022030281,2.5727192910708636,3.0,-2.05344727030365,-2.3787911568461966,1.3275583516323657,0.255152028067106,0.8360975798868898
numHidden 	5
numGenes 	48
minGene 	-3.0
maxGene 	3.0
popSize 	40
maxEvaluations 	20000
mutateRate 	2.05
mutateChange 	2.05
seed 	1553779975721
random 	java.util.Random@53bcaba7
neuralNetworkClass 	class coursework.ExampleEvolutionaryAlgorithm
Training Set Training
Fitness 0.09081017918639592