0.8471056756080124,1.8360465116695073,-0.6383485155630291,-1.545084824965623,-1.5224859378093645,2.835980358359955,1.3171947015549794,1.3355889535581058,1.95015705171083,-0.19683519262328514,1.7162742010826553,1.1713320239661251,-1.1357983550655293,0.4868321246542491,1.4187289657242912,0.8821121352464241,-0.9525269643518579,-2.39769903846697,-2.4482003328300435,2.6175027966488384,1.137345312967058,2.3280163888228786,-0.25257894118790764,-1.9338878549297804,-2.866827552354053,3.411958721393499,1.0966070921641566,1.4665608802010677,0.22923586184594263,-0.7517518288449792,2.176580397088083,0.6822067375097658,-2.02259002012277,-0.5906163255448004,0.6902820352031211,-1.6798345111211432,0.006491603730422582,-1.1183402046959365,1.6793828590230733,-0.1189532699579026,-2.0096348886038387,-0.8490800182229399,-1.3190993686405796,0.66917347350963,1.1099140940490069,-0.5770899637283233,2.544013091787278,-1.8760795510455353
numHidden 	5
numGenes 	48
minGene 	-3.0
maxGene 	3.0
popSize 	40
maxEvaluations 	20000
mutateRate 	0.01
mutateChange 	0.05
seed 	1553359845898
random 	java.util.Random@1a837720
neuralNetworkClass 	class coursework.ExampleEvolutionaryAlgorithm
Training Set Test
Fitness 0.35871902035336717