-2.0405284628127385,-1.1755001666188956,3.0,0.32375944698494274,1.865310759385045,3.0,-1.9364943872341953,-1.4393129191142278,1.9978146790379236,3.0,-3.0,1.4285471408819916,-0.5590353785795097,-3.0,0.9884321416929627,2.688759582468083,-3.0,3.0,0.8060820541801281,3.0,2.560553929276458,-3.0,-2.632439942107834,2.6643717737516135,1.1015697797835697,-0.6357210637711181,-3.0,-0.2519705131523986,-3.0,-1.3123818670540013,-0.48255527662270814,-0.6582257993281008,3.0,1.5098414994318523,1.5349382607799842,0.43226232376460016,-2.1879737982035046,0.4257474700037963,-0.15070238155140192,0.6058268789294835,1.9947151776511518,-2.1426471310241806,3.0,-2.1969724332433005,2.414222641369617,1.8520256349670847,1.8924396108626447,0.4584956675346684
numHidden 	5
numGenes 	48
minGene 	-3.0
maxGene 	3.0
popSize 	40
maxEvaluations 	20000
mutateRate 	2.05
mutateChange 	2.05
seed 	1553781226461
random 	java.util.Random@6df77205
neuralNetworkClass 	class coursework.ExampleEvolutionaryAlgorithm
Training Set Training
Fitness 0.07420574177658916