-1.3448486514774995,1.7581573230707335,0.8688237434484671,-0.015550855236711847,0.6717386527875611,1.105820731928726,3.0,-2.7348492623293135,0.6877891683738369,1.3324638914838902,-0.22220518695193392,-3.0,3.0,-3.0,-0.34128812073267245,0.2812845103119501,1.5605833358465393,0.5742014258719017,-2.9406197119120954,3.0,0.7362835468020701,2.1442807478114503,2.1479653458393115,-1.8991803052104022,-0.3777939865428377,-0.7976734259686644,1.000949749660427,2.0516764061816746,1.1870148524966484,-0.25908058994991856,0.2788802924567538,3.0,3.0,0.15759236038901836,-0.2808787258800476,0.24785103794398844,2.789160299583175,2.1396616919339047,0.10316017883989154,-0.1826936358750972,1.0463248538420493,-0.053972765685947,2.397016808466305,-1.0962530919043703,3.0,0.957810072625638,3.0,1.6086772922754626
numHidden 	5
numGenes 	48
minGene 	-3.0
maxGene 	3.0
popSize 	40
maxEvaluations 	20000
mutateRate 	2.05
mutateChange 	2.05
seed 	1553782016654
random 	java.util.Random@4485dd8f
neuralNetworkClass 	class coursework.ExampleEvolutionaryAlgorithm
Training Set Training
Fitness 0.14103664086819545