-0.6951429625560299,-0.07415066268126247,-1.5737591177956665,0.27104189700859016,-2.023386745599976,-1.9213934160417003,0.4289430657155988,1.8330726156612598,-0.4698955718232476,-0.2831492114731877,3.0,3.0,-0.8603436286452628,1.3873266249497491,-1.4830422789073276,3.0,-3.0,3.0,1.5107934686422073,1.8729689780982124,-3.0,-0.7221306542221428,-0.5670887781288454,-1.2190115234139558,-1.636110228753748,-3.0,-2.308589167217079,-0.9216802521510292,0.8235820521814077,-0.45188668776247126,-1.4885987634581663,-1.9518324895441337,-0.6399715188162158,-3.0,0.8266683217254397,2.1747913484639696,-2.165313167144644,3.0,-1.2726432335837368,2.7916668175552966,-0.4772096305952829,1.8134541016624546,2.8213144586764916,-3.0,2.6502664875907715,-0.6580999205688636,3.0,0.42554191122748064,-3.0,-2.1016943686801186,2.189292264949307,-1.9917920345040014,0.8012416464806553,3.0,1.5861861374728912,-1.7471239729061943,0.7815695278312615,2.7663620347077225,3.0,-0.39005081781673834,1.0358063853904917,0.9729592528907168,-1.0388702887518024,-0.6222813456323877,-0.5292829117073885,-0.9666352455297167,3.0,-0.46889770835496236,0.07919100393830591,-2.605191268889175,3.0,3.0,0.35218574959709015,1.3011614215376028,-3.0,-0.7792250765255266,-1.9625521178575094,1.464449257381032,-0.05741142628136098,-3.0,-2.2927542051917786,1.9712827156194141,3.0,2.8728440296760196,-3.0,-0.293855230161296,-0.047868454258636284,-0.0560073071104793,-0.6295960001730005,1.1429409730035573,2.520616161189233,3.0,1.133428857167128
numHidden 	10
numGenes 	93
minGene 	-3.0
maxGene 	3.0
popSize 	40
maxEvaluations 	20000
mutateRate 	1.05
mutateChange 	2.05
seed 	1553703769999
random 	java.util.Random@6df77205
neuralNetworkClass 	class coursework.ExampleEvolutionaryAlgorithm
Training Set Training
Fitness 0.14075279982952194