-0.3749171983510635,1.9582820324764922,-2.1887436258528044,0.4942837331864487,2.4388463095534743,-2.066719134827757,0.6410947987692364,1.2645884371579506,-1.26505311746379,-0.013881265048388158,-2.860646739024361,2.0848461719097706,0.5533921446078827,-2.245600541072549,2.3898086223800155,-2.8934141225265355,2.8491404211740763,0.36374575545733423,1.2225416586163522,0.8386567101451847,0.822619305755893,-2.114963919911097,2.3747621288455107,2.370095855240873,0.48896627486009736,-0.014635320857304457,1.9252364068143004,-0.253837252825746,1.434172060152071,-1.3245028382536121,1.887024093755346,1.2352713632591144,-2.1862696885772093,1.3358879415202942,1.1693988917166704,-1.5274018800886318,0.6943180781299869,2.920124668511445,2.383501274469255,1.151693525915391,-2.178546069222339,-1.611037193442585,1.16744579433111,-1.9415333468056415,1.8160021691237986,2.0199064300901775,-1.154727237024348,2.80246591689738
numHidden 	5
numGenes 	48
minGene 	-3.0
maxGene 	3.0
popSize 	40
maxEvaluations 	20000
mutateRate 	0.01
mutateChange 	0.05
seed 	1554999626382
random 	java.util.Random@76fb509a
neuralNetworkClass 	class coursework.ExampleEvolutionaryAlgorithm
Training Set Training
Fitness 0.24812938135257048