2.8708197966350495,2.4436606069236992,2.9211617562246115,1.7789407210339911,1.4485281165635708,-2.5822090062059306,0.2379702392778631,0.3874331629025338,-1.4132177080011963,2.1589597341131537,-0.8155012662837406,-1.3885923703365486,2.1684602138307127,-2.8033872246383678,1.075356366659685,-0.8053907528846724,-0.09445509855863987,-1.1678604274865678,0.19192865854919727,-1.141019563456236,2.9574112160898,-2.5012007527947526,1.6118754766408756,1.5424485340048255,-0.7425908113801869,0.7300135552417881,0.33405318517950633,-0.059640824735624154,0.06135328722475286,-1.4910868392750172,-1.5541316775350165,0.13028420392641937,-2.3172991447899025,1.1450744891646645,-0.750002930711283,-1.0982785683011913,1.7678759616250241,-1.3650735307395667,-0.6251798679265894,-0.30849508320156005,-0.2086382457218301,-2.2896417191182454,1.93785005093671,-1.2574577428776654,2.7138629664033562,2.4656014932108725,1.8138471518428387,0.257788467308242
numHidden 	5
numGenes 	48
minGene 	-3.0
maxGene 	3.0
popSize 	170
maxEvaluations 	20000
mutateRate 	0.1
mutateChange 	0.05
seed 	1554928985945
random 	java.util.Random@76fb509a
neuralNetworkClass 	class coursework.ExampleEvolutionaryAlgorithm
Training Set Training
Fitness 0.20816837704997693