0.6364316928294762,1.0922880311242533,-2.7426625576293193,-2.906748551856805,0.07948006939128692,-0.3653902469888237,2.4604920231866028,-2.6553936783353476,1.7480054394186721,1.3885271435238788,1.5520466321610977,-2.508662136992657,-2.2518262114457452,-2.2824643023328135,1.5415428219913916,-0.8269230694024675,-2.498320309486048,-2.7049100923836082,2.266259386960953,3.0,-0.7879619328374039,-2.8860446746129926,-1.9664946437651336,-2.5006384817240015,-0.32450911988387854,2.2041886421941923,-2.3524984630893506,0.32831418729332507,0.046148081583402986,-0.1805174933308839,2.163089000418567,2.8538892652897743,-0.8500622005219329,2.06961277792408,-1.9282084527547092,1.5328722693457868,-2.4387798734601716,-1.9114949178525737,-1.751675880520168,-1.2820678225306232,0.43832715167956643,2.2790051939769693,0.6221488631495048,1.6016969712433722,2.464786910671651,-0.1656922459678112,-0.38077563757239974,2.522600256238866
numHidden 	5
numGenes 	48
minGene 	-3.0
maxGene 	3.0
popSize 	40
maxEvaluations 	20000
mutateRate 	0.01
mutateChange 	0.05
seed 	1554574591367
random 	java.util.Random@3e052d15
neuralNetworkClass 	class coursework.ExampleEvolutionaryAlgorithm
Training Set Training
Fitness 0.11004026989681834