-3.0,-0.3103789870951752,-1.5066633311213578,2.269274079492541,2.468058242720908,-2.851376506841369,-2.524931709750586,2.241957312494434,2.438429784793076,0.6829370680788419,-0.45666663980341504,2.5647043643341125,-2.903349893211873,1.9882263806134435,0.37726140069563446,-1.9254316013372634,0.36639747472828543,-0.09888210840484782,-2.8967598039970466,-2.0804833895000434,-0.6517952342898043,-2.13278811637393,1.649157327327378,-0.8312187118354266,-0.5607005330011617,0.2147942063461065,0.5117997065706612,-1.5151826807342148,1.780536841546502,1.0679237990387733,-0.3657248174794469,1.620435718942925,-2.865530458232384,-0.8065353594262095,-1.0469825936041848,-2.5740989359762434,-1.1498964022729639,-1.1496756197131006,-2.4648107540886066,0.3360391638733975,-2.399778120199828,-2.095913802721073,0.7627810871188003,-2.3457479353116573,-2.0407616873036143,-1.8544018276276844,0.7931690871112729,1.5065875937583468
numHidden 	5
numGenes 	48
minGene 	-3.0
maxGene 	3.0
popSize 	170
maxEvaluations 	20000
mutateRate 	0.1
mutateChange 	0.05
seed 	1554928985945
random 	java.util.Random@76fb509a
neuralNetworkClass 	class coursework.ExampleEvolutionaryAlgorithm
Training Set Training
Fitness 0.05886335145472043