-1.3499542920797458,2.5490443711925135,1.9094568880681146,-1.7946409638485208,2.6630776934392095,2.78699106551856,-2.1321836188229772,-2.8554167439530334,2.6849221406373314,0.8516509321085959,-2.019738483556004,1.5843682291606598,1.6310144114901615,-2.075419665921678,0.540489777982117,-0.38721916701276005,-2.375371119782566,2.6608454082043096,1.8593789896578494,1.9980962155773332,-2.531346640508965,-0.908156320313557,1.9079638692874568,2.346705632998191,-1.9023075535041418,-1.893722289353626,1.7397845273704258,1.2854388343066008,1.0885643782727845,1.5497501615944902,1.5353174465105814,2.496847733678525,-2.6790721021195916,0.41899178860085584,2.8436252692071076,-1.6596928478433242,1.8309449550114199,-2.5002186574346856,-0.7337192342027783,0.13357168552969823,2.7895613633362855,0.1081672926591617,2.4360424857661105,0.9487377420344658,1.3631543611390011,0.3426420844393592,0.6876818639779723,-1.0066541104671907
numHidden 	5
numGenes 	48
minGene 	-3.0
maxGene 	3.0
popSize 	170
maxEvaluations 	20000
mutateRate 	1.03
mutateChange 	0.05
seed 	1554927664865
random 	java.util.Random@76fb509a
neuralNetworkClass 	class coursework.ExampleEvolutionaryAlgorithm
Training Set Training
Fitness 0.18576775323442674