-1.1581655550657128,-1.5222406600473866,1.9463378734815393,-1.0816615374884238,2.599012958188081,0.6706568960272996,0.7970915342861828,-2.699149035432151,-0.7996953304281753,1.328113049725621,-0.3678971873125736,-2.068245084892191,-0.10944008546311146,2.282464755501808,1.8503677585149356,-1.0635812185154518,2.882661098950365,1.5659807162398618,-0.9046956348569637,1.5302088540495768,2.472613824713168,2.7540806912384355,-2.441025835598505,0.3977874614168915,2.4928474227029254,-0.3640539893568322,-2.2175555172441346,1.279164972411328,1.7667497086005213,2.1738840895486558,-1.0106662254371874,1.496332350763729,0.2098813719107584,-0.1328893694008899,-1.809235187453469,-1.7226526117842973,-2.856757958996564,2.2274087155478055,-1.5613841045468422,-0.7047080193244688,0.2413742300390629,-0.8965837403421144,1.6801338408859197,-0.16243041362350663,0.33302060454926075,-1.9429013898909695,1.680645426907752,-2.543446924391772
numHidden 	5
numGenes 	48
minGene 	-3.0
maxGene 	3.0
popSize 	40
maxEvaluations 	20000
mutateRate 	0.01
mutateChange 	0.05
seed 	1554999786510
random 	java.util.Random@76fb509a
neuralNetworkClass 	class coursework.ExampleEvolutionaryAlgorithm
Training Set Training
Fitness 0.3127945019712607