1.891037698398125,-1.3566575125284215,-2.7091142086858397,0.2238601396259785,-0.9188933117137168,-1.1303263212666217,1.5399736329380573,0.18386644051321532,0.10036578057600298,-2.5205140837776576,-1.71925826607827,2.4673758009521434,-2.5678430725219448,2.0164751058978787,-2.5755990941938247,1.9763994919489205,1.1263106141615546,1.7974732287168518,-2.0970690945781287,-2.643656159031908,-2.1934134655631268,0.3689418906599018,2.850043808541886,1.8886222270890416,2.1064434229932267,-2.5435849090739797,1.4899851612573434,-1.2283070468757509,1.2596367015800567,0.5332936524533798,-1.3996760662763787,-2.919987427431585,0.33581903485643316,1.3209426638292214,-0.10269837837200546,-0.6553089008108861,-2.6875120880164975,-1.8449098446579995,-0.887765141908508,-0.20856639084898454,-0.18670088477436764,-0.7859299255952816,-2.115113612701431,1.800647321217573,-1.0810680041886072,2.102502231769181,0.8946440787609076,2.1213921776095876
numHidden 	5
numGenes 	48
minGene 	-3.0
maxGene 	3.0
popSize 	170
maxEvaluations 	20000
mutateRate 	1.03
mutateChange 	0.05
seed 	1554927664865
random 	java.util.Random@76fb509a
neuralNetworkClass 	class coursework.ExampleEvolutionaryAlgorithm
Training Set Training
Fitness 0.18151517207174128