-0.3940014330047008,-1.4497085529180866,-2.591685869098379,2.0025148433247644,-2.919214090353009,-1.3922976084248586,2.059442133169391,-1.4125917161643422,1.6137913234416246,-2.7522541991467495,0.24685931963026597,-0.2303346487348925,-2.6131253482012253,1.3042912079117812,-2.382543330047084,-2.7599627506208146,2.2645327887297455,-2.7827658399260233,-1.337429807755166,-2.424238251438299,2.9440280053768273,-0.7499360351858515,2.661965617927719,2.0860245302067932,1.2379530558665675,-2.348622502874305,2.241064813607097,2.945208992809973,-2.6922239205769207,1.1760466617509548,2.4097607788548583,-1.2408659674278402,-0.18660899363854622,2.7626131321622607,0.9414018917177316,1.6840935028696897,0.2776852553381497,2.2318350997620655,-1.871737603624386,2.880617528748835,-0.5133787604942319,1.6271795054909433,-2.6849503647167032,-2.5665119842787174,-2.5456907445775405,-0.7385969755540835,1.1647303736278776,-0.09335298693169136
numHidden 	5
numGenes 	48
minGene 	-3.0
maxGene 	3.0
popSize 	40
maxEvaluations 	20000
mutateRate 	0.01
mutateChange 	0.05
seed 	1554917093182
random 	java.util.Random@76fb509a
neuralNetworkClass 	class coursework.ExampleEvolutionaryAlgorithm
Training Set Training
Fitness 0.20126206190972484