2.377334948848949,-2.2368499750241906,-1.8304096816063928,0.8412598450836706,1.3016461055070474,-0.9670282157163692,-1.8387196888422606,0.8191013235665827,-1.438705280975495,1.6863360332545634,-1.5612657491919402,-0.6834034225381735,1.3040153438181212,2.595466638973086,1.3185739628517341,0.9407799584036463,2.4072897150037784,-2.383487047219389,2.018164881151254,2.30051119647335,1.1652379586892803,1.777846505820607,-2.9111255298481766,2.2640384031119174,0.31661654695614905,0.5220341599291305,0.902565862636421,0.0905199232785181,-2.822462681121059,0.024380459470874527,-0.8116626598966326,-1.5347679155202172,-0.9063135051875975,-1.0160311542898652,2.7864379751612383,1.3099815015468472,-1.1844982962187733,-2.9063105635145274,2.8937130714121553,-1.4804578880951496,-2.2740692718395032,0.6437771461679294,-2.88014672937578,-2.5082714011908083,0.11407244344613687,1.3989392407374046,-2.343854140237509,0.47302219779794363
numHidden 	5
numGenes 	48
minGene 	-3.0
maxGene 	3.0
popSize 	170
maxEvaluations 	20000
mutateRate 	0.1
mutateChange 	0.05
seed 	1554928985945
random 	java.util.Random@76fb509a
neuralNetworkClass 	class coursework.ExampleEvolutionaryAlgorithm
Training Set Training
Fitness 0.17966673914013084