0.12993383658944158,-0.8983810268153691,-2.2171969707953805,-1.2796140082014738,-0.5321463359155825,-2.9838897245674634,-0.9626674126608714,0.6656924517769047,-2.1744996374346695,-1.5249033531631444,-0.5640278134204708,-1.647281347882819,2.0082273642708053,-1.4254447148731177,2.9410559332487196,2.101637075537946,-0.28236206326400204,2.061384743845112,-0.6052716661193456,0.3829532684405672,-2.7180243045221255,2.449057687023542,2.360401850059657,0.9287722363526827,-0.19605167445821348,1.5916465856632458,-1.4740953206227525,-2.2537476829510092,-1.3570854257408376,-2.6622576328254,0.02177232316877209,0.9897319207128192,-0.7442118381367937,1.1650845049663454,-2.665690035548436,-2.10394448390374,-1.5340657209214086,-0.5864843526548711,-2.2432773418318903,-1.3268252499614634,0.21175372855869945,0.8881752722323646,2.5227855923244267,-2.6448509516337366,0.746575639600572,2.196637403749614,2.906195142965087,-1.8027869218160122
numHidden 	5
numGenes 	48
minGene 	-3.0
maxGene 	3.0
popSize 	40
maxEvaluations 	20000
mutateRate 	0.01
mutateChange 	0.05
seed 	1554999626382
random 	java.util.Random@76fb509a
neuralNetworkClass 	class coursework.ExampleEvolutionaryAlgorithm
Training Set Training
Fitness 0.19284563896377158