-2.3235220133737853,-1.7529478854733707,1.9338942500163672,-0.8534438400500264,-1.3654910615968572,2.6292194052452107,-2.69294296898825,-2.477118913105989,-1.8311127056869634,2.932015752121889,2.433356331256804,-1.4461302215714946,1.7075548278902053,-0.4517650342648212,-1.8529582279317993,0.6398112432069745,1.7714293186345502,-1.2965493991977861,1.9723439905103213,-2.1557727727756992,2.042766009227794,-0.7375961970456144,0.7720729021893096,-0.9670983767494041,-1.4989182225331745,2.5934792207629425,1.201542588301324,0.2079292680859699,1.2891808996375511,-1.8486347537462344,1.1215692988251629,2.7740294081673724,0.06361431264034678,1.0766635573708925,-1.8151605058393467,2.831789110901198,2.1132039093237225,0.6873896060828057,-0.6920145316952331,0.8874239103885526,0.4960578234664741,2.2509721764596042,0.677261315929357,-0.39893505440616517,2.8498024276924934,2.8765375281272805,0.3087499051903766,-0.6344964917394265
numHidden 	5
numGenes 	48
minGene 	-3.0
maxGene 	3.0
popSize 	40
maxEvaluations 	20000
mutateRate 	1.03
mutateChange 	0.05
seed 	1554921797151
random 	java.util.Random@76fb509a
neuralNetworkClass 	class coursework.ExampleEvolutionaryAlgorithm
Training Set Training
Fitness 0.27055344325809555