0.9813212507967508,-1.0213471068235327,2.10472482587571,-1.8799523278112635,0.9908782423287592,1.708902305739179,1.373709765640287,-0.9515190436599688,-2.0580212461882255,-1.7301320337229156,1.5032157051649842,1.4234821725584137,-1.0321523265146235,1.4287526518598765,1.8950550119836294,-2.902627473711247,0.6876890678486407,0.968033414332385,-2.057021843282741,0.3794052040996707,-2.7072632114431743,-1.8682631940355239,2.4791083669618255,-0.09209183152578015,-2.069000827023962,-0.9020673582456218,0.0975324661880399,2.1463946114137,-2.032943119020069,1.463473144373352,-0.8937903756684467,-1.6558429001605262,1.0897510303153064,-1.6421442381997131,1.0985902204123423,0.0264690994315675,2.8245853978862803,2.1214544260958164,-0.4359250517173887,2.991627868672193,-1.2208474854942202,-0.5107810193623661,2.5716747534994155,2.3916836151067304,2.9088739892483737,0.9143031980264746,0.36397153382626524,1.7608043274508685
numHidden 	5
numGenes 	48
minGene 	-3.0
maxGene 	3.0
popSize 	40
maxEvaluations 	20000
mutateRate 	0.01
mutateChange 	0.05
seed 	1554917093182
random 	java.util.Random@76fb509a
neuralNetworkClass 	class coursework.ExampleEvolutionaryAlgorithm
Training Set Training
Fitness 0.23454656999530551