-0.2645190653637881,-0.33416365998682185,-0.3217762868617857,-2.2729575260737227,-2.850895857588221,0.4246136163386711,-2.5343619660276406,-0.37076558104464663,-1.147837341404149,-0.014907554914672883,2.0136264441050225,-1.7321937950051938,1.755421682964169,-0.24275044206914886,-1.8918292947530035,2.6241998146147694,0.10966700375017435,1.9494863908539317,-2.9878046834634073,-2.311845033526541,2.7671233914577353,2.8758942465938278,-1.0463455670580828,0.8361484927581855,2.347368092712454,1.73824975981206,-0.23216174235882203,-2.7974014715634827,2.123104660872497,-1.1598014868640474,-1.6792094229194756,0.711255336131603,1.2985903812377018,2.220381038406696,0.4168998544317617,-2.567759079346374,-1.8515718433041917,-1.841944083239689,0.9074018749653208,0.36575469473255406,-0.783142276963106,-1.0909337003719715,2.66770063310439,1.626503642669392,-2.552398015187088,0.3717980434441852,-0.9999139313785412,1.3134620927658949
numHidden 	5
numGenes 	48
minGene 	-3.0
maxGene 	3.0
popSize 	40
maxEvaluations 	20000
mutateRate 	0.01
mutateChange 	0.05
seed 	1554999626382
random 	java.util.Random@76fb509a
neuralNetworkClass 	class coursework.ExampleEvolutionaryAlgorithm
Training Set Training
Fitness 0.21415303299122346