-0.5144138029912302,2.1285894255673776,0.2633276145574922,3.0,-3.0,2.3159831345718582,-0.22703028746678244,-0.3604556514682512,-2.391540224780957,-2.7525063811676826,-1.875477762835608,-0.5944496416836303,0.08300843609665504,2.3435338594209676,-1.7941952672998718,1.0077714335404009,0.5516427001331385,1.24358542323978,-1.7698300437353416,-2.122654566201167,-0.8492345821057852,1.0616693087609774,0.8632442117102495,1.283737058553908,1.8810231489786122,-0.3440260259097383,-2.6024661942018184,-1.0405670748316673,0.38471370077686756,-0.44183769607941176,-2.982855069726573,1.3407897161013995,0.7145275882171103,-3.0,-1.6982710275118937,2.3453802449032772,2.204394299322699,0.9912510342647964,0.24278087545418287,0.80851909460143,-2.1361037690005134,-1.317133824921657,1.0961523677962237,2.744869418201026,-2.417415794386817,-2.2912990002568696,1.2933774224675751,2.4857512049078614
numHidden 	5
numGenes 	48
minGene 	-3.0
maxGene 	3.0
popSize 	40
maxEvaluations 	20000
mutateRate 	1.03
mutateChange 	0.05
seed 	1554921797151
random 	java.util.Random@76fb509a
neuralNetworkClass 	class coursework.ExampleEvolutionaryAlgorithm
Training Set Training
Fitness 0.03250205778359343