-2.5334840231074605,-0.9460378959105427,2.5806494948611594,-2.0490915868084967,-1.807824596384274,2.4972729125030755,-1.7086984892863595,-1.951979030771294,-1.912378752963489,-2.86163637382381,0.5387794480356467,0.3338586174051894,-0.6403549939280029,-2.0542800816815676,0.6210797481548722,-1.6680248880382438,-0.551797708392014,-1.3355927906712688,2.846896799754038,2.7824208821169734,0.994134803197523,-2.5801206950250473,-0.6888716651623508,-0.009874305106571946,0.9058429382806317,1.0271078494604433,2.3491368317633476,0.054841879091179546,-0.21831418775356415,1.3101461982472768,-1.1994369750102387,-2.439777776401399,0.9273038719397384,1.8915410935257873,0.41466332471432654,-2.5773454125470474,2.1269822967478405,0.5027982205315649,-2.132187602597599,-2.838974914022738,-2.8144018608331227,-0.10359075004534368,-2.0600142784486937,1.846623880380827,-1.9473892634330525,-0.09325803101372099,0.4107063864487168,-0.5720427928046172
numHidden 	5
numGenes 	48
minGene 	-3.0
maxGene 	3.0
popSize 	40
maxEvaluations 	20000
mutateRate 	0.01
mutateChange 	0.05
seed 	1554999786510
random 	java.util.Random@76fb509a
neuralNetworkClass 	class coursework.ExampleEvolutionaryAlgorithm
Training Set Training
Fitness 0.21176969450700645