-1.4460755815846595,1.2508672228475124,2.3289824061919235,-0.4928475071598504,1.5332627871832347,-0.8828923879807542,1.7707180074728122,-0.9074835235775458,-2.733897557625759,1.0412466959276774,-2.327935299858326,-0.19362926351748566,1.8459290519429103,-0.8588530535227483,-2.493401762512182,-2.2830394621319376,0.5419844770933615,-1.3980461739505483,-0.9847999045683808,2.75010571508954,-2.669788126702227,2.267623464233215,2.250313617395758,-2.7418864392955644,0.6699252251138121,-1.9087423884262846,2.3449002192238675,-0.08841916067453459,2.780538329004189,0.24301448713301088,-0.27961209506604323,2.5087496458327294,2.201983484565691,1.2505355318794082,1.9459558725345358,1.5920068775001095,-2.6107530988601972,-1.9395049030016702,-2.602959470862695,0.9935346781884888,2.49574428556319,-2.6389397410884703,-2.765998666749314,-0.3979566245932462,1.3420597346954484,2.8937125614672725,1.0324241478546963,0.749939958978401
numHidden 	5
numGenes 	48
minGene 	-3.0
maxGene 	3.0
popSize 	170
maxEvaluations 	20000
mutateRate 	0.03
mutateChange 	0.05
seed 	1554927886711
random 	java.util.Random@76fb509a
neuralNetworkClass 	class coursework.ExampleEvolutionaryAlgorithm
Training Set Training
Fitness 0.23401679373513892