-0.5385904210938564,-2.719099794567862,-1.3004309267173144,1.3917175726939188,-1.7170923661186017,1.4157682701268328,2.087167174608318,2.9202592388413153,1.3295505185268786,0.8176479375576351,-1.5117289697207443,-1.7009012724119137,0.8252847793465681,-1.440675568553416,-2.2345272139911314,1.273949466386827,-2.4419193738921097,-1.3936813648730715,0.7219607080910979,-0.6402223307499888,-1.0124820947215218,2.158170147108697,1.2464105706194575,-0.39533111658554265,2.574919088359726,0.07889083096264038,0.09714462301626625,0.995081152543488,0.4072587578588367,1.2392821602134045,-0.19794493699872273,-1.6211123458680285,2.7309978104041788,1.8106046508858276,2.9144680606729425,1.9681596796146383,1.494415102815137,1.2033887264173613,-0.4337064214597075,-1.8933117641898063,-1.5830704707928693,-1.5630331578613057,2.898475970743899,-2.952211895934728,-2.5386701497071407,0.254610481094252,0.5249367914213949,1.985974759816168
numHidden 	5
numGenes 	48
minGene 	-3.0
maxGene 	3.0
popSize 	170
maxEvaluations 	20000
mutateRate 	0.03
mutateChange 	0.05
seed 	1554927795045
random 	java.util.Random@76fb509a
neuralNetworkClass 	class coursework.ExampleEvolutionaryAlgorithm
Training Set Training
Fitness 0.19083026762225003