2.7473008796858984,-0.8279889453130984,-0.513203523903087,0.468052765289686,1.3286669967942482,0.5040136332218093,-1.6579110547689249,-1.3397560137548508,0.07797241972651481,-2.9246264905456476,-0.40710117312903726,1.148307000244527,-0.4949021648283365,-2.2648899802394804,-2.253976077821312,1.4343089712703039,0.7481770946227653,-1.2282763773966232,-0.2997584874450743,0.10326837189693538,-1.0006690081602978,1.1179906239084438,2.150785770035964,-2.620480326386873,2.840997063773668,1.2963573361510035,1.6893029227255827,-0.8668815187534546,-0.058961350146346625,2.5077037591468336,-1.0160096503191471,2.5740200519417122,0.6622339044548928,1.5455449442373022,-0.24920616669113427,-1.8801918761304177,2.1866709220066047,1.9345340225273002,-2.509785716132933,0.6083023210919594,0.7379964442036986,-0.1535697464771104,2.1654407170836647,0.14941500551161546,0.4043842940828992,0.938488279937598,1.1362051461774971,-1.5288236484966604
numHidden 	5
numGenes 	48
minGene 	-3.0
maxGene 	3.0
popSize 	170
maxEvaluations 	20000
mutateRate 	0.1
mutateChange 	0.05
seed 	1554928056301
random 	java.util.Random@76fb509a
neuralNetworkClass 	class coursework.ExampleEvolutionaryAlgorithm
Training Set Training
Fitness 0.22310632766351945