-0.1040914186689692,2.6125680398465567,0.011508451134169206,-1.7717917787087456,1.8201334837146002,-0.7653253417005357,2.0206344467660333,0.2844567099195592,1.3497896774666645,1.624374157188245,2.2260160110464557,1.7746311011459026,0.5254521614057852,-2.9550955038088773,0.6195323203527852,-2.0144227891122233,-1.8686223255837717,-1.4509991313050454,1.4888981873815181,-0.45240687421507086,2.09940925972721,0.5109706552766351,-1.4784460844228848,1.4253305346240417,2.3868707430406495,-0.6592499931073776,-0.10930795883504629,-1.6943857886023352,-2.3608190343375037,-1.524659688579491,2.5589578801549138,1.08206781706986,-1.1555981644389495,-1.1261174215430867,-2.2244102262239265,-0.13895205719952752,0.27091838325514583,-2.9390150202958853,-1.32949461768977,-2.6745068983709626,2.2509350025789496,2.2687811842799857,1.9640702306918438,2.392907443982737,-2.168545445739638,0.4215539116187248,-0.8859794107699006,1.890805751514847
numHidden 	5
numGenes 	48
minGene 	-3.0
maxGene 	3.0
popSize 	40
maxEvaluations 	20000
mutateRate 	0.01
mutateChange 	0.05
seed 	1554917093182
random 	java.util.Random@76fb509a
neuralNetworkClass 	class coursework.ExampleEvolutionaryAlgorithm
Training Set Training
Fitness 0.2900644412193479