-0.45497439307948895,0.2762111188482592,2.7796140940484646,-2.344490136990742,0.4670534290898054,2.5391703120783724,-2.0839834828650368,-0.40444105239447925,2.080810912837147,-0.7320159962507646,2.3995241537365155,-0.595922004758151,-1.775694986469411,-0.5086221549521142,0.8347880569687645,-1.4689080068891591,-0.7182058261864466,-2.8410913272348957,-0.34327251047487595,-1.186812105986108,-0.29659372590693955,1.0472313337500294,0.4580032105420919,0.3175130213679598,-0.6122920170946822,-0.5684764872522443,2.4617626120413583,1.3287097945301554,-0.014487388105012933,1.8611193369683257,-0.29131772555864943,-0.05423640887480907,1.6265778624868448,1.9311346444551756,2.5644528849793655,-2.34776855435193,2.701697167107155,0.682104496594333,-1.1215473431139582,-2.692703163818174,-0.8489468254640711,-1.8126142985314464,-0.46352932327833685,1.2765866768936442,2.2155593688866597,1.0033124666887687,-1.750054220346088,1.8806666731714037
numHidden 	5
numGenes 	48
minGene 	-3.0
maxGene 	3.0
popSize 	40
maxEvaluations 	20000
mutateRate 	1.03
mutateChange 	0.05
seed 	1554923809424
random 	java.util.Random@76fb509a
neuralNetworkClass 	class coursework.ExampleEvolutionaryAlgorithm
Training Set Training
Fitness 0.2530223229464659