-1.3525675642598258,2.171586054959133,-2.4937051991189216,-0.24050432361313856,2.767389099285227,-1.0696632248546498,0.01734915955145855,-2.987130722730751,-2.3781131230946286,-2.319739440809516,-2.289951985466012,-0.6728303673745062,0.9663945700391556,1.8767974246001868,2.096194274182408,-1.5302382780166104,-2.834693864032954,-2.4709945183873563,-0.11875207578232239,0.3856132971733266,1.507350137020973,-0.6063107681876221,2.9391135621579636,1.6313885993334516,1.6908142921366682,0.7215869662857255,2.529708406915865,0.8200687994334439,-1.6376898931794677,2.690814171021123,-1.9516867396941449,1.2650036153376663,-1.862271284855793,2.879549921827275,-0.6406218170173013,2.1978424565431647,0.016459908000721057,-1.2157477532489465,-2.531370789085698,1.5578462222781404,-2.4801326112117543,-1.5185101758838508,0.925992802741769,1.4106210719600405,-1.7575636209296068,2.060765969688557,2.9280273105968098,1.5523664343076478
numHidden 	5
numGenes 	48
minGene 	-3.0
maxGene 	3.0
popSize 	170
maxEvaluations 	20000
mutateRate 	0.03
mutateChange 	0.05
seed 	1554927795045
random 	java.util.Random@76fb509a
neuralNetworkClass 	class coursework.ExampleEvolutionaryAlgorithm
Training Set Training
Fitness 0.13597431959934725