-1.1735321839752615,-0.7240277496467806,-2.6615760739385887,-0.2836902357385993,-2.8407037937629775,0.23220317408704538,0.8400816771452977,1.2521218057024734,0.24700148215483564,-0.3920071181026361,0.9748427760791305,2.347813162588494,1.6185798175804385,0.9194245834378849,1.7568368463685324,0.48056519223204175,0.023674310567410206,-2.3516835406626315,-1.2680732601302018,2.2000616418863963,1.8396570957465501,-0.7598268381681321,-2.357318246948439,2.407699485328825,-1.7041906361276393,0.6699527143446238,1.3224064900524635,2.068454561840956,-0.28111484317823976,-0.005710797518628574,2.4941895709656983,0.800407293447372,0.7445774033527499,0.03342124716429318,0.23492064187116402,2.6052962784163007,-1.6328600234625297,-2.2618150759199915,-0.8642912495281179,-0.49067553750014214,0.8146524023172939,-2.1029615636644623,2.649121180656765,-2.9231941452705685,-2.4598486173553713,2.625198214293648,1.7601405290240537,-2.359905711469651
numHidden 	5
numGenes 	48
minGene 	-3.0
maxGene 	3.0
popSize 	40
maxEvaluations 	20000
mutateRate 	0.01
mutateChange 	0.05
seed 	1554999260498
random 	java.util.Random@76fb509a
neuralNetworkClass 	class coursework.ExampleEvolutionaryAlgorithm
Training Set Training
Fitness 0.20939373335180028