0.6271981455173705,1.6936646408756735,-1.704094322880639,2.9793301766232467,-1.3537698667246592,-0.2816484970965676,-1.874063090079317,-2.253264752876877,-1.6466646796192657,-1.6458100444285055,1.393180458907727,1.5201092432445904,-1.8588883487476575,1.711700452783803,-2.3637125365580136,2.6373841299617453,-2.0144229237719213,-0.8885968626102461,1.4706612102720484,-0.31345541854984305,-1.5083948747233313,0.7928067487568566,-0.33444767618435156,-2.4087297421272718,-0.24540381990868898,-2.106342866227334,2.468757407480272,-0.4428584717415558,2.6232848335860446,-2.542311438475835,-0.11215697433145078,-1.8408911053015506,1.4310063992791404,0.8834126615368731,-1.6620087438199296,-2.5260261720804387,1.682664420102319,-2.681720637247785,-1.294767442395732,-2.7778238851303394,0.5420654933654778,0.03183936721889946,-2.549993242791933,-0.6187723581325857,-1.74078999187928,1.7683358695502909,1.8896606971536523,1.6686828387575305
numHidden 	5
numGenes 	48
minGene 	-3.0
maxGene 	3.0
popSize 	40
maxEvaluations 	20000
mutateRate 	0.01
mutateChange 	0.05
seed 	1554999786510
random 	java.util.Random@76fb509a
neuralNetworkClass 	class coursework.ExampleEvolutionaryAlgorithm
Training Set Training
Fitness 0.22408178744280868