0.13782655107348196,0.6309549917015702,-2.2857092569961868,0.33636259486793296,-0.5738278832938537,0.8911774172415572,1.6908319609462108,2.200772793872529,-0.799796911278841,2.3737353546038547,-0.7158547723921007,-2.961818614146023,0.02236345095793979,-0.8618341123550257,0.8662795593933685,1.3201753303481283,-0.10420077456609977,2.8758574133542716,0.5103741584891419,0.6466784273148294,2.719996810209987,-2.690655620806837,-0.7656224024530971,2.3815608619880138,1.3159140208752742,-1.7062296673168098,0.5262659118045336,0.4853835609868571,1.813270545544209,-1.9310538418868854,-2.7958325333201377,1.8716302890706649,-1.863982169102662,1.1631630477484274,-1.7980924395425044,2.009269264499033,-0.04712690691190691,2.6901530896102512,1.0950989185749789,1.0784665069009147,2.7781573604614156,-2.7916728776394697,-0.9049883198790618,-1.2422411658725945,-1.0859600759127268,1.9266525575292563,1.8370639799375175,1.679980565787286
numHidden 	5
numGenes 	48
minGene 	-3.0
maxGene 	3.0
popSize 	40
maxEvaluations 	20000
mutateRate 	1.03
mutateChange 	0.05
seed 	1554923809424
random 	java.util.Random@76fb509a
neuralNetworkClass 	class coursework.ExampleEvolutionaryAlgorithm
Training Set Training
Fitness 0.17008237991594627