-0.5147144799327652,2.252897214843811,0.5878990140997242,0.47532757926860913,0.4690478387333963,-0.7681253641049763,2.1482418725577856,-1.4863525278000864,-1.371979159889215,-0.47014271352053605,0.7541421583441625,-2.1235624932476282,-0.6112890338292751,2.0094954218302252,2.771690175673837,-2.9335665843455256,0.23559172399409878,-2.777897018553517,-0.40640773939037533,2.038707474182573,2.6815330091718055,2.226903978024514,-2.4433481939277684,-2.089040449138257,0.8166431185486944,-1.119049729665251,-0.803334773232919,2.8866344249346527,1.042885120787167,2.2163476052976474,-0.8185073512585084,-0.4856578765402624,-0.9470003741421968,-1.1055240654484668,1.4329858851261328,0.24885031270432734,0.500938962791551,1.5374353114920458,-0.9441261016515261,-0.44178200203495566,-2.862811578531983,0.9849971298389262,1.7366339171383407,1.5384336379620578,2.4460237244713285,1.2108851005080092,0.25779232223501714,-1.848778235032426
numHidden 	5
numGenes 	48
minGene 	-3.0
maxGene 	3.0
popSize 	170
maxEvaluations 	20000
mutateRate 	0.1
mutateChange 	0.05
seed 	1554928985945
random 	java.util.Random@76fb509a
neuralNetworkClass 	class coursework.ExampleEvolutionaryAlgorithm
Training Set Training
Fitness 0.21876433569839623