1.1464616553606675,-1.035826046059573,-2.0906146671838073,-1.4728366672572175,2.65294153832638,-1.5731051530551285,2.6188815361165316,2.7728219819606696,1.7431393032979994,1.437723312421384,1.867089046575181,0.016528932324929357,2.4977611414213943,-0.9279240311556212,-2.952116646935869,1.4250571798954228,0.660858419175546,-0.3843447372094606,2.3930838111769095,0.9914994194214213,-2.6437314999557504,0.5024258886726982,-1.695705635685562,2.5176234024025135,-0.3098851446026343,-2.3956038778056232,1.244359572533412,-2.031978820195568,-2.816355625540259,-1.6341819783592575,-0.9932674901862195,1.9611278988600045,-1.036904584089168,0.42871879863007,2.382225721039851,1.285232317096094,-1.4467818380181008,-0.011527263797254328,1.3812865036661908,-1.1118507644976463,-1.021513648283161,-1.8525833980516224,-1.753887852955491,0.7872688980272944,2.6709620401494725,-2.9986862733868973,2.500588338257156,-0.21775153939322145
numHidden 	5
numGenes 	48
minGene 	-3.0
maxGene 	3.0
popSize 	40
maxEvaluations 	20000
mutateRate 	0.01
mutateChange 	0.05
seed 	1554999786510
random 	java.util.Random@76fb509a
neuralNetworkClass 	class coursework.ExampleEvolutionaryAlgorithm
Training Set Training
Fitness 0.16993635866149048