-2.3253711012576,-2.301590825099244,-1.1611867319089169,1.3892556491140464,2.3061861615666013,2.368254210816418,0.9631128996817075,0.036620691983242804,0.34521630708776563,-2.00100113142043,-2.801751917076296,-1.100128915646863,0.40772961921888395,0.842224329741387,-2.04780728553128,2.5116378897572957,-1.8861780296747483,-2.911031418302351,1.6185254882181956,2.9038869088026393,2.45423814739405,0.38581628809020785,-1.4203734919484676,0.753279078527282,-0.19786350761760296,1.8109321343822877,0.9600255070319808,-1.321905229204078,-0.15803564118769708,2.9545075155614766,1.6430225565939276,1.1583416898171395,2.279155701503158,-2.1132359171204436,2.6242522443503935,-2.59191686236868,-0.7763452079137383,-2.127173419281679,-0.22609410726825052,-0.6760460562752213,1.607067179490258,1.7074528483531592,-1.4851231956858737,0.3662443165574212,-1.1024596762995325,2.4937753671659726,0.7971369847456593,-1.1011397380811057
numHidden 	5
numGenes 	48
minGene 	-3.0
maxGene 	3.0
popSize 	40
maxEvaluations 	20000
mutateRate 	1.03
mutateChange 	0.05
seed 	1554921797151
random 	java.util.Random@76fb509a
neuralNetworkClass 	class coursework.ExampleEvolutionaryAlgorithm
Training Set Training
Fitness 0.273393635923812