0.110426665130273,-0.22958567621527948,-0.6067121025360356,1.5066164358572678,1.0849754790233446,-1.9439603367817273,0.6007529537913872,-0.6959989098311667,-1.471041174451319,-1.6553261969720785,-1.5828422402037656,2.1875517979919152,-2.106832282163073,2.7197643379020118,2.9415027733598524,0.6657540929834083,2.464238287878196,0.342522950963013,0.34489368811124566,-2.228719163212065,-1.3660521975099231,0.7510569389656325,2.683087965887207,0.12159899167086952,0.03905307042313133,-2.8446656769448437,-1.3974981352708395,-1.9462537508810376,2.3670215217426573,0.3333883882797206,-1.648760391773084,0.6408353644396705,1.964797813002531,1.622843257245112,-2.1827499442675324,2.005263407208197,-1.8329463866993516,0.328008480558021,-1.9362343955356403,1.8885267468539784,1.4771553951489675,-1.3735298504208637,-2.982276303926244,-2.080037505473996,-2.61160955760192,1.7602711681551835,0.589919380927709,1.4466603797791775
numHidden 	5
numGenes 	48
minGene 	-3.0
maxGene 	3.0
popSize 	40
maxEvaluations 	20000
mutateRate 	1.03
mutateChange 	0.05
seed 	1554921797151
random 	java.util.Random@76fb509a
neuralNetworkClass 	class coursework.ExampleEvolutionaryAlgorithm
Training Set Training
Fitness 0.2324707786761274