-2.938460496564677,2.412242325840982,-0.5006828491395514,-0.09526777138904505,2.8552460230287506,-0.9635872244164168,1.72720837660684,-2.4679363845095885,-2.783492662595423,-0.8769681836743481,2.871612498102413,0.6870006086474744,-1.0021542941296382,-0.4647849658472279,0.3962572545498737,1.6194960253136441,-0.054835153635993436,2.1132421855765102,-2.077941120475908,-2.349980167945375,1.3011849003661942,-1.8365927278570255,2.7331876332746274,-1.503368113876825,-0.7955617676054805,1.5331076732162494,-0.2503718784776248,0.1980990656234855,-2.211020787061927,0.63793929310686,2.3859936098958774,-0.6058105757193923,-0.6376278188896543,-1.7273425534099793,-3.0,2.414580781094781,1.5420183017808333,1.604153832240317,-0.5181466963546675,1.041422502699745,1.4745627216096937,1.035693930685967,-0.3547814887270761,-1.4564299801229923,-1.6466021425647297,2.52055013908561,2.702449044431579,2.0976494878593916
numHidden 	5
numGenes 	48
minGene 	-3.0
maxGene 	3.0
popSize 	40
maxEvaluations 	20000
mutateRate 	0.01
mutateChange 	0.05
seed 	1554573202829
random 	java.util.Random@46bab910
neuralNetworkClass 	class coursework.ExampleEvolutionaryAlgorithm
Training Set Training
Fitness 0.10498954747991075