1.4088505326722558,-2.7723490591099758,1.6461347018403325,0.24155443227827078,1.4328784450101129,-1.4632362358556767,-0.9235658771810797,-2.570116990761767,1.885098334685809,1.085601921372863,1.2260175701806117,2.3240691199431787,-1.5536128359547805,-2.08555353386192,2.7756768959341507,-2.878013315259768,0.1831826564415624,-0.9922764184435335,1.2599173242710195,-0.594179935228528,2.3685308930983497,-1.987542002390542,-0.6298710070243749,-1.2806883432158975,2.4718340521907347,-0.45973391281019094,2.391759512523782,-0.7429168279155278,0.8255366288896342,-1.4881874466376437,2.806187317531509,2.483352645115991,-0.8687119480328942,-2.296174347674391,2.7110448281911275,-0.08270850893277171,-2.940086641595088,-2.70256208516122,-0.2267152993378576,-1.3203152335316,-2.2711758913365943,2.8027913499509705,-2.072669066011916,-1.3095138540776448,0.8072962366584884,1.2485183175492782,1.9662024326508138,-1.3607282902316526
numHidden 	5
numGenes 	48
minGene 	-3.0
maxGene 	3.0
popSize 	200
maxEvaluations 	20000
mutateRate 	0.1
mutateChange 	0.05
seed 	1554947641351
random 	java.util.Random@76fb509a
neuralNetworkClass 	class coursework.ExampleEvolutionaryAlgorithm
Training Set Training
Fitness 0.1689326290294213