-2.098739417038394,-2.1441358850149825,-0.2422720438336441,1.7736423538724724,1.360641088194246,-1.7042428190572954,1.140197681357038,-0.9773431279257014,-0.537829083073257,-1.6373693343677393,1.3415068312516025,-1.0208326289511718,2.8920864645787967,0.4248660423136066,2.7488442860007263,0.41926460496108486,1.3438765977962444,1.3232819432871974,-2.0292818359526983,-2.608229932999096,1.3255316549698648,2.314744788578107,0.18422768248535792,-1.677258461916762,2.2929167310204246,-1.863250136738411,2.8667782919292657,2.661328004245944,-1.520674895617932,-1.6073837247027496,-2.0311803455206325,-1.1484179289098222,0.3986904213988316,-2.763756956163962,2.410358043266408,-0.8371185257538887,-1.4551437134869092,-0.44783881615743937,2.547666218305574,-2.9028381562195174,0.2917273517043699,1.480922488217013,-1.0422133464621666,1.7142077424960318,-2.580957360075802,2.231656146386703,1.5270941306681358,-1.723202985503988
numHidden 	5
numGenes 	48
minGene 	-3.0
maxGene 	3.0
popSize 	170
maxEvaluations 	20000
mutateRate 	0.1
mutateChange 	0.05
seed 	1554928056301
random 	java.util.Random@76fb509a
neuralNetworkClass 	class coursework.ExampleEvolutionaryAlgorithm
Training Set Training
Fitness 0.18118668343033895