0.30742913158440377,-0.5032431557130694,-1.9684752445537281,-2.9403613478361805,-0.38463358691177074,-1.9027844442804918,-2.5758869374136255,2.370862319733533,-2.8079310376883377,0.3461913971483055,2.521436178560773,0.4835800745956882,0.03328503279564021,-2.5020830595073678,2.7982258927448793,-0.16036256737583265,2.8157441351519052,2.6716342953976318,-2.688120452735852,0.5481988821824739,-2.735791596868208,2.6689542365312082,-0.4110418384270189,-0.4723104545044867,1.0543490829447517,0.7667835706630175,2.4024598719997634,0.5649278170724017,-2.9766375464804877,-2.3697075343260714,2.4529919613980935,2.2630637395297573,-1.9479705909036231,2.629060944518952,1.5275099317961942,-1.2926342358277436,-2.988772676394299,-0.08427705685216846,1.707341746182454,-2.52718237309766,-1.367304616923351,-1.3599104736843572,1.6327577325854747,-2.670090133570919,-0.9318479630651364,-1.3770891949126873,-1.2956010400535805,1.6749316569095072
numHidden 	5
numGenes 	48
minGene 	-3.0
maxGene 	3.0
popSize 	40
maxEvaluations 	20000
mutateRate 	1.03
mutateChange 	0.05
seed 	1554921797151
random 	java.util.Random@76fb509a
neuralNetworkClass 	class coursework.ExampleEvolutionaryAlgorithm
Training Set Training
Fitness 0.2658807679081348