-2.216959349238331,2.5408725966839443,2.513158291062596,1.8163731973530464,-0.2772064275729669,-0.46317818599567406,1.85897864676339,-1.8212157703521255,-0.9347443710159951,1.0946016354532695,-1.9670887800037045,2.8051696791822973,-1.5806769567071566,-1.2892396831908552,1.9101919174111277,-1.1821671502711086,2.456006007604583,-0.1424851206296185,-2.1288726785258283,-1.1442181753072938,-1.2258631442690164,0.21844175662780785,2.0420032533805292,2.2216851723472733,-1.3365023797624338,0.5508217108321611,-1.4319725925147035,-0.6007740825822805,1.9774675609525003,-0.5864098849459829,-2.2729169987956532,-1.668827341859841,0.31751847256629784,2.9744564126568775,-1.9729456369713978,0.9168473413470095,-1.0903734838329617,0.7718622779505102,-2.0490302907651747,2.9435276203441294,-0.08209998885402836,-0.34293827046859526,-0.2768077112414735,0.10968381221729429,2.4934567492847517,-0.8212897793499643,-0.633627205932124,-1.0711959166147986
numHidden 	5
numGenes 	48
minGene 	-3.0
maxGene 	3.0
popSize 	40
maxEvaluations 	20000
mutateRate 	0.01
mutateChange 	0.05
seed 	1554999260498
random 	java.util.Random@76fb509a
neuralNetworkClass 	class coursework.ExampleEvolutionaryAlgorithm
Training Set Training
Fitness 0.2498904826547524