2.059515049432564,-1.3164190251785441,-2.8039911282825924,-0.41919200843017856,-2.3448214272009205,-2.506825623723966,-2.616380461189199,-0.35732556602547394,1.2290633949722336,-0.7181272201456972,1.8657219083838879,-0.7927220781678406,1.5618622061484633,2.383067477559085,0.10148224341626211,-1.1961028936211895,-0.07875504787493526,-2.4153893223086893,0.005908550132216028,2.0040165511935957,-1.5687843899756326,2.589717664967364,1.37718713641664,-2.6047236881229248,-2.2246323152224976,-0.6825114791368296,2.91288982260944,0.9017274615895983,-0.19986120369796279,-0.2975864594798141,-2.9831006937431077,2.362681903690631,-2.722473773141774,1.4549589427201575,2.8860017535845444,-0.571062438322079,2.4675814471709723,1.2355655422074356,-1.6602881063485087,2.1691365945402294,0.18936432968537842,2.8721240665340666,-1.481001615658619,-2.699495753784596,-0.1351051715645868,-1.383769746924249,0.929193986922197,-0.3328021565853616
numHidden 	5
numGenes 	48
minGene 	-3.0
maxGene 	3.0
popSize 	40
maxEvaluations 	20000
mutateRate 	1.03
mutateChange 	0.05
seed 	1554923809424
random 	java.util.Random@76fb509a
neuralNetworkClass 	class coursework.ExampleEvolutionaryAlgorithm
Training Set Training
Fitness 0.21986060521399653