2.9176015702864735,1.0108290736183552,0.22254853948869968,1.8050122791119394,0.9960824794635128,0.4993141352814563,-0.05105150262021407,-2.1421520630099353,2.2167634253027417,2.478706269861248,1.974331310827088,1.6990744386027403,-1.2803127828078205,1.3883080102764573,-2.448044139991575,-0.6800549953403014,-2.134781692131109,-1.7328734352638941,2.495652844515991,1.1385405514276483,-2.581004412612471,1.7758499858352765,0.8713250739711356,-1.0254852159819492,-0.626437624209335,-0.032452602390399043,0.03786516561015407,-0.7805673185428601,-2.97497659969808,2.702295620858301,-0.24748296181074592,-2.2507284190414594,2.9133081336297337,1.5755447052706018,-0.6103088320813308,1.1940136740592528,0.4123588847895858,0.8921432262421769,-0.15626794250105824,-1.0648800441845852,-2.878209107400261,-0.43244533134619356,2.395113938663597,2.6450321721904926,-0.23568789942674861,-0.1250956710448965,1.7160329523243192,1.3137097625811585
numHidden 	5
numGenes 	48
minGene 	-3.0
maxGene 	3.0
popSize 	40
maxEvaluations 	20000
mutateRate 	0.01
mutateChange 	0.05
seed 	1554999260498
random 	java.util.Random@76fb509a
neuralNetworkClass 	class coursework.ExampleEvolutionaryAlgorithm
Training Set Training
Fitness 0.2698571159956504