-0.24496536473107344,2.7939230070360175,-1.5676579305783849,-2.2892405490259087,-1.654149611478128,-0.09983550415970477,-0.07114042375420304,-1.8931920648021192,0.90584169089892,2.818033702103101,2.07628982185817,-0.2904354678600898,2.387862069224571,-0.12594449860881962,-0.3865447029252289,0.33677962614192625,-1.4524544866002422,0.2292370678743061,-1.117758462216879,1.2084529704086524,2.1548109833536984,-1.8341647632660658,1.6865100296376943,1.5721314234077512,-0.9633348090988498,-2.2195827804511117,-2.075830180663585,-2.1979034748548743,1.037666488842751,-0.7547366586367104,-0.1487619648789975,-2.2571107150086407,-2.8612880140723376,-0.9986669128768462,-2.040241989068856,1.9875409102398898,-2.433393498594619,-1.6153157457772154,0.011996798910987927,-1.3617001221993505,2.7561688954783756,0.26441219222656454,-1.2286130431996583,2.892566935711697,1.4934276785523837,1.2838421220792968,0.406227597466013,-0.470825749607636
numHidden 	5
numGenes 	48
minGene 	-3.0
maxGene 	3.0
popSize 	200
maxEvaluations 	20000
mutateRate 	0.05
mutateChange 	0.05
seed 	1554929391847
random 	java.util.Random@76fb509a
neuralNetworkClass 	class coursework.ExampleEvolutionaryAlgorithm
Training Set Training
Fitness 0.16089088480682617