-1.4875287885480248,1.0312096255648857,-2.60391525382245,1.136025988638469,1.8739093961640165,1.7740295044380634,-2.013083693214486,-1.7658405860496644,1.6734170250198774,1.8748552464051276,-2.7506357896691576,2.3333474421903126,-1.092747335835399,-1.3855708829455744,0.8413329637700189,-1.3804727789707865,0.5872564912288354,1.443124178876312,0.16114381766765362,0.44765228005365376,1.6413535486014563,0.44670202403436843,2.2195806834296086,1.9652941854000705,-0.5612351344449911,-0.3406396746420248,-0.4651960964415296,-2.312492847772684,-0.5728293319525868,-2.271598859433425,2.0989051744147718,2.9872470946800895,0.7264906071215962,0.9641511577302335,0.041037587354659344,0.9636893731335778,2.8188691998155413,1.7755621741637988,1.1257348246078323,-0.913669408519219,-1.29312505285348,2.896213162273293,-0.3238004173471376,-2.6141877299743377,-1.91815478006007,2.647238599438027,-1.0989813102809791,-1.2270539219365206
numHidden 	5
numGenes 	48
minGene 	-3.0
maxGene 	3.0
popSize 	40
maxEvaluations 	20000
mutateRate 	0.01
mutateChange 	0.05
seed 	1554999626382
random 	java.util.Random@76fb509a
neuralNetworkClass 	class coursework.ExampleEvolutionaryAlgorithm
Training Set Training
Fitness 0.2590655388559515