-1.9843626524338882,-1.6537662639452286,2.756874782825692,1.6335314569202621,-2.8387075699817563,1.5957246599300934,1.7714808349993127,-2.4767554291738643,-1.4124930340487531,-2.225579394132104,2.3262864834005956,-2.0423556856622382,-2.6220914204007064,-0.19287430288724705,1.9959814512815335,2.035626228404798,0.9450315828129154,1.5482553904513772,1.1944991111202317,-2.8534729963737364,-2.0341576327725344,2.5831850951579263,-0.604623553910522,1.856380628015481,0.878130413069222,-1.2641035534161487,2.6334092923400894,-0.5576655013684606,1.7257899033839834,-0.6307147709794005,-2.5503512408117692,-1.065947071895917,2.1234389577361004,-1.2812085428710787,-2.357039616885938,1.643979512097414,-2.9692571100226224,0.09181335890554898,2.3300381368939718,-1.2711219139478576,0.884236005210068,2.794656594371407,0.8919361622115156,1.3231189458761126,-2.5706498748382556,2.115573295087229,2.3988558672225064,1.21972228000317
numHidden 	5
numGenes 	48
minGene 	-3.0
maxGene 	3.0
popSize 	40
maxEvaluations 	20000
mutateRate 	0.01
mutateChange 	0.05
seed 	1554999786510
random 	java.util.Random@76fb509a
neuralNetworkClass 	class coursework.ExampleEvolutionaryAlgorithm
Training Set Training
Fitness 0.23112339777705623