0.30457393787839937,-2.262834925920237,-0.06894977682473069,-0.11177779232273632,-1.5482035311389726,2.5472711178241267,-0.3709558657703971,-1.7560290699794314,-2.8163717269138715,-2.901485094125522,1.4294950556777373,1.0527496784820913,0.5074252514056008,-1.673780249105972,0.8564138712995204,2.5362763711703487,0.23038613680615105,2.4536110667414324,-2.0686116494153746,1.9767445576260965,-2.6232639263205666,1.4116874262103654,0.7542476486859617,-0.18454323916534987,-0.32717417352480993,0.2524666927947936,0.4301774358169612,0.037772871109317485,2.0590680491729527,-0.9136902942972784,-1.3393952265053855,-2.49309034775011,1.8888090692822308,-2.302933465206381,-2.264902652392807,9.225967349983932E-4,2.1128988799530717,-1.950657459334692,1.0189433638604317,1.236504480724438,2.324902637919921,1.4002234370111637,-1.6740026173876388,-0.8699763304147043,1.0555617469034129,2.6633487648502507,2.798803720432021,0.9505294618479656
numHidden 	5
numGenes 	48
minGene 	-3.0
maxGene 	3.0
popSize 	170
maxEvaluations 	20000
mutateRate 	1.03
mutateChange 	0.05
seed 	1554927561241
random 	java.util.Random@76fb509a
neuralNetworkClass 	class coursework.ExampleEvolutionaryAlgorithm
Training Set Training
Fitness 0.15472152902106337