-2.0889344989975456,-0.04879099442722046,-0.7630538842859971,0.05776338235932332,1.4130798688689907,-1.410396806850529,-2.93677670769875,-2.8865538568103712,-2.9053025601531672,1.9769428335348262,-0.13472040028566923,-1.6690910820540876,-2.9091496469993317,1.3234089867872152,2.3029267673142204,0.8052794186003496,-2.1478106744811596,0.17124477271718686,-1.1700737478419942,-2.4886592859324743,-1.4782905484667144,-0.7739796290912162,-2.861923430363275,-1.0790608832354982,-2.5492609268841955,0.5936029916246239,-2.1911288393408586,-2.2028143793194443,0.8710785388373701,2.1539741183424415,-1.338808014329144,0.9229587456499795,1.480306653027851,0.5276427916824424,2.367487668039285,-0.6604245010216641,0.625007845073271,-1.4974862809585288,1.182368186159441,-0.822643248744793,-0.1180901294725265,-2.1113211113339223,1.0865345901357308,-1.6468278818237483,-1.8603486567949161,-0.4442908257812812,-0.7045550680792267,0.2909084279708942
numHidden 	5
numGenes 	48
minGene 	-3.0
maxGene 	3.0
popSize 	40
maxEvaluations 	20000
mutateRate 	0.01
mutateChange 	0.05
seed 	1554999260498
random 	java.util.Random@76fb509a
neuralNetworkClass 	class coursework.ExampleEvolutionaryAlgorithm
Training Set Training
Fitness 0.23295220470961778