-0.5419510966627685,2.754984227169471,2.5433529180924452,-2.3078028671188013,-2.5766170135205044,-0.6446895520889697,-2.8394818960139157,2.8520420259608645,-0.9434642553935682,1.9308012428584718,1.5804170401357274,1.0696256375105921,1.6531496150256473,1.777118772442777,-1.769614754069701,2.487848498395137,1.431539977936426,-1.4605499522402365,2.7285647635078023,-0.013562838870804672,0.27096455209497705,2.325109733294335,-0.4037606588976388,-0.8176054925808076,0.5360726154918742,1.4851332413419307,-0.17366005656797512,-2.8798401640848255,-2.019852240711729,0.3831559858797666,2.5731937775141844,2.078177838299556,1.8740587341609025,1.6710510824177387,-2.64835963949426,-1.1615082115563728,-1.9003777539472926,-1.270533487068995,1.6941837809519589,-0.3765949495602099,-1.0246119078403755,2.0075768747603595,2.2128986369693804,2.698170071219007,-0.9503551437960294,-1.989966250659509,-1.5516487993590453,2.371092005465215
numHidden 	5
numGenes 	48
minGene 	-3.0
maxGene 	3.0
popSize 	200
maxEvaluations 	20000
mutateRate 	0.05
mutateChange 	0.05
seed 	1554929391847
random 	java.util.Random@76fb509a
neuralNetworkClass 	class coursework.ExampleEvolutionaryAlgorithm
Training Set Training
Fitness 0.1587888758171781