-1.4653137391315276,0.24387671090376895,0.5579863527188431,-0.6550197484497025,1.3810210293170346,1.4665100540382099,-2.3337718183291924,2.37620263999335,-1.7017008268961853,-0.9418507570689854,2.5670330813617444,2.2899311397175452,-2.4664854334517203,0.08835685165716445,0.03250683778126362,2.980518236389411,-0.03555642837965767,1.3703549448238626,-2.074887264032924,-2.835664981814939,0.19871431714485155,2.1037962081103716,2.807878187135092,1.2052114802467537,2.9986026932921774,-0.41877678592818945,-1.7161377390941739,1.4215043555156246,-1.7595211938042856,-0.2610833180715906,-2.3677927478333247,2.787327537691991,2.318999921242243,0.9558811343043176,-1.2719837114289712,-1.9677213535126599,1.5448170477895404,0.565259989361766,-0.409276279912989,-2.3267058921850436,-2.3392678066294255,-0.9594759871551553,-2.799454655430531,1.4790565931198305,1.1149197202510726,0.7543202038784829,2.4550172244916544,-0.728318173642811
numHidden 	5
numGenes 	48
minGene 	-3.0
maxGene 	3.0
popSize 	170
maxEvaluations 	20000
mutateRate 	0.1
mutateChange 	0.05
seed 	1554928985945
random 	java.util.Random@76fb509a
neuralNetworkClass 	class coursework.ExampleEvolutionaryAlgorithm
Training Set Training
Fitness 0.22358884752245553