2.873074185916761,1.8310143944227137,-1.3285738462291634,3.0,1.3906499603356361,-3.0,-1.736350331609988,-2.1260153341352743,-2.078536737059456,-1.5046791326733144,-2.3401517311135374,1.5795360233476263,1.7551849645689988,1.5122233262819311,2.6987458532880306,-2.594353627888168,-2.334495638417117,-1.8734629374500573,1.535437183909657,2.3142956825932983,-1.075569098307567,0.7616421178295765,1.6025620393242728,0.6226452204824438,-0.9760555565005891,-2.1515429877778645,1.5170365860015724,0.8555110519496716,0.9133897094475653,0.3161633709771277,-3.0,-0.3379678690663943,-1.306765546255745,2.5962187884147716,-0.8284826482258932,0.34333599072005994,-3.0,1.5164914318654739,-2.8568843721481265,-0.16781306913654132,-2.5463010826936916,-0.8335481135919631,2.329292863877764,-2.7175338430327862,2.4665094877009492,2.299642382646424,-0.06205254362788201,2.074040501779254
numHidden 	5
numGenes 	48
minGene 	-3.0
maxGene 	3.0
popSize 	40
maxEvaluations 	20000
mutateRate 	0.01
mutateChange 	0.05
seed 	1554573202829
random 	java.util.Random@46bab910
neuralNetworkClass 	class coursework.ExampleEvolutionaryAlgorithm
Training Set Training
Fitness 0.10381415212453335