-0.09690760330046988,0.8311512482509089,0.42966820764219893,-2.889933265715979,1.5893056306628708,1.6857773179443747,1.323370732012954,-2.479437551097253,0.45911808374507856,2.2681234074089334,-0.4060905082058657,2.7083296028302017,-1.5371360242249696,0.33127994887390155,1.5437174070553317,-1.0957533785024407,2.3578719060938704,-1.8067409630271225,-2.801913516663928,1.4966107767184678,1.942819634068508,1.919108993860128,0.26542092109951687,-2.2691390018388864,0.4424785872581549,-0.7110390928913741,0.6077118846522138,-2.8504528408371517,0.6526488923225582,-1.3250052195318094,-1.0215037322930387,0.8789325655039857,-0.6406156493343946,2.901480605632603,-2.3413883942898,2.5385337658279905,-1.11159613176311,-0.9492742617161314,0.930600987111442,1.157327018369493,0.4198812180524918,1.0039296022934128,-1.9193254599890328,-1.9747296205156866,0.9206047445185854,0.26961781987707045,2.802676985260092,-1.1087854718457955
numHidden 	5
numGenes 	48
minGene 	-3.0
maxGene 	3.0
popSize 	200
maxEvaluations 	20000
mutateRate 	0.1
mutateChange 	0.05
seed 	1554947641351
random 	java.util.Random@76fb509a
neuralNetworkClass 	class coursework.ExampleEvolutionaryAlgorithm
Training Set Training
Fitness 0.1675842564413247