-2.8525783076067572,-2.271214525949002,2.6144873135558413,1.464716382480808,-0.3691988377927635,1.9966160205863677,1.2533263952383713,2.325833309272495,-1.3267202833556981,0.9111242652663285,1.2697318382137626,1.2069282660811504,-1.2872153345577018,-0.6180018118388473,-1.7267895128104462,2.3261968805211755,-0.3413856383060372,1.9009528669755404,-0.23892075792952694,0.356050110924929,-2.748121833972961,2.2404848761854215,2.42290788961626,1.890143832485622,-1.1764894928714205,-2.314073638877945,-1.309471351712949,-1.657763037711466,0.877775988962294,-1.7991145621397724,-1.2386678331098713,-2.843541864727956,2.5756666385649947,2.8070171270293995,2.812808807898925,2.6831648752489494,2.0265789374516947,0.027429104293624107,-1.1959762148377298,2.2366943717516783,2.3181399924441823,0.4988860129941406,-1.8750465584126765,-1.2990899042158108,-0.5769614446963685,-0.19866497527540528,-1.5926585373977535,-1.4144402517703463
numHidden 	5
numGenes 	48
minGene 	-3.0
maxGene 	3.0
popSize 	40
maxEvaluations 	20000
mutateRate 	0.01
mutateChange 	0.05
seed 	1554917093182
random 	java.util.Random@76fb509a
neuralNetworkClass 	class coursework.ExampleEvolutionaryAlgorithm
Training Set Training
Fitness 0.2856944283721347