2.465628125762996,2.7133677451011415,1.7226475696027075,-0.9805088079485524,2.8086175642504605,2.788329661509181,-2.6839230792761155,1.0206950037007596,-0.8377225129493908,-2.467658939556527,-0.08281615848275958,1.0293068727527626,0.08040168488912336,-0.6070734691084398,-0.0676393908699664,2.6623582792484255,-2.910601345561435,-1.769076534468268,0.6710183045902176,0.7891347287797963,-0.7895886131079708,0.3938486964834129,-2.504929436172956,-1.46997439166016,1.5203292877490266,-2.5615651963339507,2.001175712199794,0.5573443359996118,2.461593415909114,-1.6144272809852895,0.06966122295323673,-0.8961817059099131,-2.906884404425455,1.0451997770845942,-0.6847743491601657,-2.2925034367148127,1.8945554800870372,-0.9595346068356134,1.113184137543339,-1.2176297602918793,-0.9063778529387578,-0.31019507453361506,0.9511981100055751,-1.3979547916779134,-1.2190145819939193,1.8723482198633858,0.37009877678742775,-2.7806417369891543
numHidden 	5
numGenes 	48
minGene 	-3.0
maxGene 	3.0
popSize 	40
maxEvaluations 	20000
mutateRate 	0.01
mutateChange 	0.05
seed 	1554999786510
random 	java.util.Random@76fb509a
neuralNetworkClass 	class coursework.ExampleEvolutionaryAlgorithm
Training Set Training
Fitness 0.22550483241040953