1.720475573621857,1.9538969867395766,-2.1115157252689016,-2.7445909121559615,-1.8478445901675893,-1.3260564733549576,-0.5217290150318163,0.14330057120530526,-2.580208696830065,-1.8580536503457126,2.897373602170271,1.6762358636531118,-0.4916318780326856,-1.1932213789910153,-2.3768500679865054,-0.7639452916419138,2.0263160829245033,-1.2259737484649178,-2.2710782119875317,-2.5633457746364035,-0.21565561609761996,-1.9764097750098357,-0.5799093188503877,-1.501701813561191,-0.04479430411041907,-2.1923687925658406,2.180939770234846,-2.9016193920202857,2.9827881884089784,0.004185103360986986,1.7854770287904138,-1.1051294089866208,-0.8117742093353439,1.0279517084399243,-1.8262744796250288,1.4635889915068967,-1.762481001201121,-2.336571032623208,0.3804094994921918,-2.1271111187549123,-2.710548901964256,-2.1132604486400193,0.3260356840120666,2.5392330946940636,-0.2656165341747263,0.38116424100351143,-0.6590873641886428,0.3645840763600443
numHidden 	5
numGenes 	48
minGene 	-3.0
maxGene 	3.0
popSize 	170
maxEvaluations 	20000
mutateRate 	0.03
mutateChange 	0.05
seed 	1554927886711
random 	java.util.Random@76fb509a
neuralNetworkClass 	class coursework.ExampleEvolutionaryAlgorithm
Training Set Training
Fitness 0.12598894900570864