-0.6642667681853016,1.1287578018124638,-2.7599815579231963,-0.11418043890440277,1.9150791448135633,1.9362006096961242,2.799532223409752,2.5319707661104687,-2.8459848892339457,-1.1998021618807901,0.6527404697802321,0.7077067210244019,2.094694414176983,-0.5597236068434657,0.6548681072188085,2.532156689339735,-1.1997209786457383,2.224082255829983,2.213947972064786,-0.4182436122398201,-2.5667040521081166,2.1123053652831114,-1.3577550913178946,-0.44254980694478974,-0.5230257568428858,1.6468393840548323,-0.2740546906014405,-1.3653753647358355,-2.5687113907818295,-2.967837519632476,1.7305836252474922,0.048688512675543194,0.5087955395220085,1.6626621705132232,0.8467818753555196,1.1157012533214612,-0.2637945801060759,-2.0611390991463896,2.555488999245222,1.721438143905484,2.435996880673634,-1.1067678147385733,-0.4459820497655702,-0.6662398329346608,1.3182350388300392,2.011533773336078,2.7337845339095557,0.8021454024606767
numHidden 	5
numGenes 	48
minGene 	-3.0
maxGene 	3.0
popSize 	40
maxEvaluations 	20000
mutateRate 	1.03
mutateChange 	0.05
seed 	1554923809424
random 	java.util.Random@76fb509a
neuralNetworkClass 	class coursework.ExampleEvolutionaryAlgorithm
Training Set Training
Fitness 0.15364267040727694