0.8958430853467112,2.731940288732325,-0.36827668660652346,1.835429800777769,1.2632738610213208,0.932901632795915,0.9946122641685378,0.4554133042355719,-2.2388807167664506,-0.2686491556400781,1.5411383980938522,-0.8459420287328019,-0.6451497218294602,0.483988942057632,-2.9138741252239946,1.1997061287598303,-2.2162177519459636,-0.7296573614337505,-1.5175523741427501,2.4996737859500913,0.6719801198154984,0.07734357814367909,2.1486238317589015,2.273506879204123,-0.6198729195559065,-1.3446622028623274,-2.0410646887895427,2.832451190575811,-1.0809020163606393,0.8169482777962651,-2.6607442806711585,1.5949594021647995,2.9002747706036613,-2.348611568377445,-2.965153068895624,-1.1120226434633977,1.5894359771295896,-2.2345096234717943,-0.9230854366714798,-2.558823313493335,-2.3396485995656993,-0.761111368318534,0.9727631757422666,-2.2237806768021224,0.21100938812962244,-0.505529373885957,2.0799400105961627,1.9255650263503803
numHidden 	5
numGenes 	48
minGene 	-3.0
maxGene 	3.0
popSize 	200
maxEvaluations 	20000
mutateRate 	0.05
mutateChange 	0.05
seed 	1554929391847
random 	java.util.Random@76fb509a
neuralNetworkClass 	class coursework.ExampleEvolutionaryAlgorithm
Training Set Training
Fitness 0.25520644585349084