2.2720118980870394,-0.08736590717753022,-1.31024316958852,-1.5182722927689452,-1.978168746639018,2.1726359909747033,2.290649260377064,-0.9976253845292136,0.012130588324361799,-2.3278470153859465,1.7350488178255339,0.5879925736171809,-2.5944256718948084,1.2702175115540864,-2.54540666144078,-0.5396516834437595,2.027988739670092,-0.5570174286638037,1.3038989713739497,2.489578893910175,0.8247819486201522,-0.5309513274216081,0.1367346329705642,2.5888321036615443,0.18748506835276407,-2.5416424459296576,-0.31112623971658193,-1.9702661781904187,2.1405165898330303,1.3583947586762088,0.8282434801586775,-2.3430489846434432,0.23447742611201688,-1.5202095217603326,-2.395457697669101,2.973407175323816,-1.906573084950129,-0.5484824159480267,1.9823151251113156,0.11215585225037071,1.4825330747347272,-0.16290598446302257,-1.657932484478115,1.8664104310805743,0.8058694735335126,2.338285197360295,-0.982723833292844,1.5950678087170924
numHidden 	5
numGenes 	48
minGene 	-3.0
maxGene 	3.0
popSize 	200
maxEvaluations 	20000
mutateRate 	0.1
mutateChange 	0.05
seed 	1554947641351
random 	java.util.Random@76fb509a
neuralNetworkClass 	class coursework.ExampleEvolutionaryAlgorithm
Training Set Training
Fitness 0.1126874675780327