0.7866721408481752,-2.210084800519756,-0.1427771965444471,-0.07733405258765247,-2.9850763300572964,-2.1989904638412145,1.5660133712917625,-2.8781231956449993,0.45270575582264083,-2.932324227889099,-0.5391142866802996,-0.42715082478814725,-0.24759592686358012,1.7044933887217084,0.9399764611949672,-1.8527978645413405,-1.5202143920459041,1.4291661033366196,-2.925306930074786,0.4863017554720628,-0.5127709260615445,1.3458965940714407,-2.572275424358763,2.1268098446629153,2.624317530983034,-0.20073862054241154,0.7570916400016552,-2.0829612052612063,1.4510148049193416,2.1156662253857785,2.118134765088767,-2.0574392883814516,-2.8911162850562784,-1.4759328114368322,-2.290670043703752,0.74787239462621,2.1835358212146403,-1.2902471662371338,-1.1707006633770822,1.896780313583438,-1.7432614718654271,-2.695403847723014,-0.4786254967409054,-0.14247043123451064,-0.10066096517945944,2.154289174721214,0.8785503252342028,-0.1704415681729401
numHidden 	5
numGenes 	48
minGene 	-3.0
maxGene 	3.0
popSize 	40
maxEvaluations 	20000
mutateRate 	0.01
mutateChange 	0.05
seed 	1554999260498
random 	java.util.Random@76fb509a
neuralNetworkClass 	class coursework.ExampleEvolutionaryAlgorithm
Training Set Training
Fitness 0.3257459389556397