0.5143549310780777,2.659693577342093,1.267595530495977,1.8468585698931381,2.1244394561936293,2.517363749365197,-2.4023854559237776,1.094807031402719,-1.461122218181373,2.493217344086947,0.5898681421626524,0.971544353202038,-0.7373855041829698,-2.667256795367447,2.17420886662282,-0.716188269126449,-2.9649652223253753,-2.66497695736279,2.4055245645862042,2.139294447472002,2.225117351134604,-0.9395612582916284,2.130084855600119,-2.614980822564219,-1.2159039698600866,0.7984493918248177,1.2354884110310254,0.34240980859586445,0.7956073976195586,0.33687964685211647,2.4294631131379916,1.9341572453224405,-0.7917745915290495,2.790959878510188,-1.7435580777622892,-0.5163968648906803,0.8177038781588744,-0.09534584633073084,-0.23799070413531043,1.090384736917878,-2.013829192466371,1.3286097416005909,0.8539865420268113,-2.453364012788482,1.942939743010906,-1.0916403925927116,-1.014906887736145,1.2560863412619847
numHidden 	5
numGenes 	48
minGene 	-3.0
maxGene 	3.0
popSize 	170
maxEvaluations 	20000
mutateRate 	0.03
mutateChange 	0.05
seed 	1554927795045
random 	java.util.Random@76fb509a
neuralNetworkClass 	class coursework.ExampleEvolutionaryAlgorithm
Training Set Training
Fitness 0.13008412716564094