-2.0373758532089976,-1.4690448905022888,-2.5096111320127426,-1.6578110080889243,-2.8484996268301064,1.3044683378547566,-2.0657188886975284,2.8726234865862432,-2.5664641578624803,1.7316206747060647,0.09365164158383976,2.1485298697246797,0.46976098482743645,-1.7275533195384154,-2.8950723248649464,-2.0516980376694858,-2.7760294126605105,1.6820697603593242,-2.777148554085985,0.5981940741247014,1.728323213633181,-1.046266236089432,-2.3736931922065487,-1.8747777413576867,1.1885352463368637,0.289712121826307,1.5134204324503644,1.3258488653273792,-2.344335241225286,1.027764187469801,-0.2646135933574616,0.5365257212083674,1.145768251351364,2.1519874838113386,1.8415160754014188,-0.6879146320738903,-1.8194853244267575,-0.34441901279605025,1.4685515947054846,-0.4245998073598334,-0.7488612155256105,-1.4007908515304937,1.5053399358647894,0.09664312189534296,-0.3250919202724871,2.2223267216218874,-0.6004972818731042,-2.6070881798949763
numHidden 	5
numGenes 	48
minGene 	-3.0
maxGene 	3.0
popSize 	200
maxEvaluations 	20000
mutateRate 	0.05
mutateChange 	0.05
seed 	1554929391847
random 	java.util.Random@76fb509a
neuralNetworkClass 	class coursework.ExampleEvolutionaryAlgorithm
Training Set Training
Fitness 0.15932922871325814