-0.032273968803151476,-2.098064967594256,-0.8187734578575658,-2.7531992405015577,-1.6887419620328317,-2.9839133177348245,0.4176790213823329,2.569381723034599,0.5226146609073856,-1.8966908769534188,-0.5789084098469921,-2.7561284114093363,-0.05841579667078456,1.7216527545761355,-2.4202547521594173,2.6412130427840017,1.2229824884393388,0.9198834654931147,-0.11446473154094283,-2.2302290056596004,-2.838982610112537,1.2922414890913725,-1.0064772349251319,-2.897681101492646,-2.2654402668746423,-2.249079649877152,-1.9997140670615805,0.00901952114458382,-2.875519091552894,0.8567767052404074,-2.0860871724847705,1.4132803547901602,1.6944523017758382,2.773400262247276,1.3724592212489455,2.6057271587508257,-0.6456668572789042,-2.1782264769097575,2.9391783714715958,-2.842605230607126,0.3405110682921215,-2.787632371582802,2.2618163883563307,1.5665982403486236,1.2502916243822462,1.8186250137287017,1.5297495377784571,-0.34519871371836164
numHidden 	5
numGenes 	48
minGene 	-3.0
maxGene 	3.0
popSize 	40
maxEvaluations 	20000
mutateRate 	0.01
mutateChange 	0.05
seed 	1554999260498
random 	java.util.Random@76fb509a
neuralNetworkClass 	class coursework.ExampleEvolutionaryAlgorithm
Training Set Training
Fitness 0.24902089834162952