-2.035112624280092,0.7419431491199213,0.1180660446028291,2.9057437427256207,-1.3225008016939654,-1.9473096374145398,1.4214239606650436,-0.04727478686170814,1.3536325146125499,-1.186159915439971,1.640324990936895,0.7914440142848455,-2.362033152705232,0.626829244486929,0.8503178153270202,0.902021392103632,1.0766698383674862,-0.5817882224420249,1.864548576222964,-1.1203611861365603,1.64096502480712,2.10286148006508,-1.1324354639753393,1.849666821118467,-0.6011997939899837,-0.06995606711099625,-1.5035770563412534,-1.9297034324552724,2.7290795719467282,0.0015898455181076621,-1.949739175759494,-2.062410013040202,-1.1486559718203153,1.791060784654312,0.5102920714077426,2.4656929652238335,-0.8814652967164623,-2.1567202671022776,1.9096624950125722,0.4704096154923056,1.7606767702979358,1.096987185262709,2.8016936111053075,1.7269943812186477,-1.7805135931162381,2.582701033261717,1.654063472548532,0.8475886743273673
numHidden 	5
numGenes 	48
minGene 	-3.0
maxGene 	3.0
popSize 	40
maxEvaluations 	20000
mutateRate 	0.01
mutateChange 	0.05
seed 	1554999626382
random 	java.util.Random@76fb509a
neuralNetworkClass 	class coursework.ExampleEvolutionaryAlgorithm
Training Set Training
Fitness 0.17722903475788196