-0.08828204935902217,-0.04821188692420009,0.7563802678042433,1.6979827036545414,-2.555358907741854,-2.6251993238563376,1.130064743336134,0.9314066379777208,-0.9275281745670458,0.8433252239843299,-2.949248770100011,-2.6452074781120363,1.4833359859727455,-0.7928305305399515,0.966145612792535,1.476148289727119,-1.1920653143424118,2.0637871361063844,-2.257984430164039,-0.21520177728601197,-2.610420811867156,-1.9722591270339582,-2.094543152298181,0.1823019030930184,-1.6920135940631613,-1.2310763874108963,-1.3697077811169105,0.19565174031387578,0.6741054930081707,-2.1480515900755455,1.8363677650942751,-2.27316360219014,0.34411001275672604,-2.350648747902248,2.9991213346319086,-1.3231528614937265,-0.9809540439490911,0.028984208338210582,2.1779059570725616,-0.44631801334853893,-0.29751258624222565,1.131212602369609,0.37116274829605445,-1.867107455416499,2.181910302296801,1.3542628414909306,1.5936456237920025,1.3856989373592938
numHidden 	5
numGenes 	48
minGene 	-3.0
maxGene 	3.0
popSize 	40
maxEvaluations 	20000
mutateRate 	0.01
mutateChange 	0.05
seed 	1554927333512
random 	java.util.Random@76fb509a
neuralNetworkClass 	class coursework.ExampleEvolutionaryAlgorithm
Training Set Training
Fitness 0.20547464444230715