-2.082341213957287,-0.9267522402244337,-1.5372806150794431,1.2635583943427537,-1.7292364042630308,0.4691191214807553,-2.264489291828978,0.40049840426439554,-2.7326835861231364,0.294834293477376,0.7289866937059513,-2.4010422582528084,2.981217048836175,-0.3860738091306173,-1.104954312224943,-1.4523379876592761,-2.7218165512625565,0.8597023647695385,-1.4087276684590926,0.5776530933218478,1.5658343339345393,-1.5675295015641568,0.3134495821408976,-0.06839747683890174,-2.860159849015301,1.816462358108378,2.9210803478199274,-0.5963776180568239,-1.0960872230344156,1.9761579305569938,-0.5313501273186061,1.2801751007569129,-1.4792996690748517,1.1178899041963684,1.5034098921916605,-0.4423909866994986,1.767454364416757,-1.8337277632914444,-2.6239928235415455,0.39426419667641,-0.9753712526108647,-2.4938218882089203,-0.7666678565735667,-1.3249807555755286,-0.582629647657209,2.6796545699947014,2.9235040656472036,-0.5764312153303113
numHidden 	5
numGenes 	48
minGene 	-3.0
maxGene 	3.0
popSize 	170
maxEvaluations 	20000
mutateRate 	0.03
mutateChange 	0.05
seed 	1554927886711
random 	java.util.Random@76fb509a
neuralNetworkClass 	class coursework.ExampleEvolutionaryAlgorithm
Training Set Training
Fitness 0.22970616736127825