-2.8042304024518616,-0.7360621226056452,-0.8225253028961594,-2.2641655190585723,0.22976950578428568,-2.515937151886077,-0.04673304795620847,-0.45576606685903176,-2.2511606684618988,2.1125232175910007,-2.606446939103651,-1.3804718558668618,-1.3911718092237013,0.39471777287874676,-0.629006875267105,-2.87231655097642,0.5053542481951676,1.2060438864603524,2.3810721745906367,0.020110226167700418,0.8304700508208551,-0.31194840177904126,-2.4834538978496736,0.5578847238893947,1.348858958074242,0.9384283052925628,-1.098228771521062,1.4234628027974985,-0.45981648608842995,-1.006477367013752,2.7450579711457435,-1.1314451878609058,-2.6883753411070814,-0.628585273953266,1.2433626333625778,0.34487950839816506,-2.4204243358944435,-1.0896684854442495,2.587305888411959,-2.4999428874454717,-1.0481258427904467,-2.4584892481686014,-1.7343285709188103,0.29395463401318533,0.4118776501059713,0.9774052319610087,1.7572178138115495,-1.6986618875436559
numHidden 	5
numGenes 	48
minGene 	-3.0
maxGene 	3.0
popSize 	170
maxEvaluations 	20000
mutateRate 	0.1
mutateChange 	0.05
seed 	1554928056301
random 	java.util.Random@76fb509a
neuralNetworkClass 	class coursework.ExampleEvolutionaryAlgorithm
Training Set Training
Fitness 0.15741339538764745