1.4499236949732077,-1.79321201731619,1.8847146948248237,0.34026786962480526,1.8788836638293065,1.8343089344260886,2.6562899841399052,-1.2071311683658499,2.609648003100301,-1.453120121332774,2.053552277494275,-1.3671438628237425,0.8714441139340363,0.4364256227348049,-1.1707005844507246,-0.48628774405196873,1.5704204808709628,-0.057742758486121315,0.35430791971322917,1.4329409806713995,-2.59072829874596,0.0213185339805865,2.5703760204827493,2.866030760182513,-1.8408514897793353,-0.6090052964038475,-1.8152235389747657,-1.983262018494282,-0.5397620059764273,-1.4132948983487386,-1.898811079911162,-2.5140426057895278,2.7165687685950606,1.5751805979603741,2.0755085503059956,2.9849048481249674,-0.6557278078847784,-0.09996908736852617,-2.5013276693177047,-2.9891876961561294,-1.0602314812068632,-2.599832810036378,-2.767883634269749,-0.5839200377024725,-1.5239948631161733,2.8657972325371013,0.7982279503069105,1.9927167480116117
numHidden 	5
numGenes 	48
minGene 	-3.0
maxGene 	3.0
popSize 	170
maxEvaluations 	20000
mutateRate 	0.1
mutateChange 	0.05
seed 	1554928056301
random 	java.util.Random@76fb509a
neuralNetworkClass 	class coursework.ExampleEvolutionaryAlgorithm
Training Set Training
Fitness 0.10146081919902859