2.073018118915427,-2.6236085330606236,-2.1739044707046795,-0.1834523189647257,0.8163849097948312,-2.5706135000601544,2.2770362160961977,0.7093896174191556,-0.6302280765782156,2.7064333023054123,2.9970932023293715,0.29265784765111924,-1.4712142336777942,0.8524342853027767,0.3966139788162022,-0.49448181648571676,1.941380991903503,-1.303082805592242,-2.1303316698378616,2.3968494702587755,2.910350808208417,1.514079916831113,1.4389528614016305,2.418338272782586,1.1153699189988888,-0.10640217862419599,-1.9195286729528258,0.3236655720677386,-2.4285744175371864,0.5834581989599812,-0.4952129214471217,1.8309524451838373,-1.3302346429823215,-1.757735795335075,1.6696879644582756,1.500549600743871,-1.8857086005877788,0.5521156628829091,-1.765346842923744,-2.4873168456872454,-1.02937861937437,-2.4056473494914377,2.540555001100877,-1.800614945116474,2.886841733209785,1.7791136334906499,1.5085799575397427,-2.707437070550861
numHidden 	5
numGenes 	48
minGene 	-3.0
maxGene 	3.0
popSize 	170
maxEvaluations 	20000
mutateRate 	0.03
mutateChange 	0.05
seed 	1554927886711
random 	java.util.Random@76fb509a
neuralNetworkClass 	class coursework.ExampleEvolutionaryAlgorithm
Training Set Training
Fitness 0.20884174506402345