-0.11205520994342955,1.0465069096163653,2.149978267578505,2.842515213042428,-0.4749714587529925,0.7173856842849982,-2.867139205217277,-0.7934879941283257,-0.24575678435347292,-0.015973337950784483,-0.17405489159723775,-2.9959493607675496,2.502415541196271,0.9093035218487859,-0.7092869983224119,0.7170243874485571,1.7860319386208108,2.1571133707931116,-1.3675162605781879,-1.1236533347500859,0.6385010662350314,0.2757116387689278,-1.7870491262223118,1.5993012845722738,-0.7248745062974589,1.4705700406468107,-2.5586603772353165,0.1465378251104532,-0.3912439937860439,-0.052004986345865145,1.642899957386505,-0.41712335199911044,-0.5775355434746814,-1.786520797785433,-1.7094346311754356,-1.7274213818552806,2.3864298465530265,0.19899224368975066,2.3602137674343666,-0.22628685209753474,1.6745930654008987,-2.2288475647585915,-0.2679241712967113,-2.2822536303181375,-0.8075082687251962,1.0374529170784532,2.410448152687339,2.4694548715935394
numHidden 	5
numGenes 	48
minGene 	-3.0
maxGene 	3.0
popSize 	40
maxEvaluations 	20000
mutateRate 	1.03
mutateChange 	0.05
seed 	1554923809424
random 	java.util.Random@76fb509a
neuralNetworkClass 	class coursework.ExampleEvolutionaryAlgorithm
Training Set Training
Fitness 0.18873573852430886