-2.7774603250082874,-1.7567886116248381,-2.556380172926243,1.8663933050572297,-2.4301785566187597,0.9999275822296791,2.082746652331134,-2.582892153885858,0.07800738592213463,-2.7773648346060114,1.4888601945462039,1.9527396238302943,-2.1931321887483284,-2.935533691731492,-1.7649417587146616,-2.158047842331913,2.434506474811058,1.588394288550755,-0.04627457415540803,-2.6839049528979775,2.3410105663653313,0.3196241003824989,0.08098706036971448,-0.9362930617414262,2.5848605046287956,-0.9984220368601,-2.8151904468770863,2.243672268551948,1.5908850783249164,1.6218234725117435,-2.3132540935416275,2.5605253976572504,1.460346270346717,-2.587041164925493,-1.1521311701184,0.40281711581299984,0.34303339259131516,-0.8903531210473021,-2.6125150501370054,-1.6596182612676778,0.2780453642986376,1.2566557902696056,0.03876652388988866,0.5087623302802546,-1.6857668378438198,0.8139424079100253,-0.2815125620206942,-0.42102178458536077
numHidden 	5
numGenes 	48
minGene 	-3.0
maxGene 	3.0
popSize 	40
maxEvaluations 	20000
mutateRate 	1.03
mutateChange 	0.05
seed 	1554921797151
random 	java.util.Random@76fb509a
neuralNetworkClass 	class coursework.ExampleEvolutionaryAlgorithm
Training Set Training
Fitness 0.2313363639708082