0.8196288510332281,0.9537589191564555,1.1001297349847778,2.6034468991093878,-0.15669147697081254,1.5590282912654185,-0.39858098810449505,-0.9845895992929776,1.8468876027950918,2.9333979842731583,-2.667440244582827,-1.1353816468771594,1.317218037039856,-1.959226755951142,0.03510833382949219,-2.9463748530749685,-0.7134494834758067,-2.45998917042629,2.234895890893557,-0.9053662969287211,0.05178914751412478,-1.7770140115627435,-2.684685385164227,-1.9532394361498644,-2.3896577678366135,2.1826074970954608,2.9021437577832625,-1.3011568206178454,-2.53319396345304,-2.7507063730635153,0.6975447344438512,0.7931391343777396,-1.5841119846117764,2.107469877301737,0.5707841335383668,-1.5729371491234594,2.795650651833464,0.8141942820200958,-2.679337611723938,-0.45059785295313404,-1.468674138127039,-0.8099346218962458,-2.9304533994162396,-2.315743282057562,2.0536238926513573,-0.2618873272650255,0.7313311012510413,1.6702314190851233
numHidden 	5
numGenes 	48
minGene 	-3.0
maxGene 	3.0
popSize 	170
maxEvaluations 	20000
mutateRate 	0.1
mutateChange 	0.05
seed 	1554928985945
random 	java.util.Random@76fb509a
neuralNetworkClass 	class coursework.ExampleEvolutionaryAlgorithm
Training Set Training
Fitness 0.21021568011064476