1.7788139717293827,-2.754146131092945,1.0135889660374957,-0.8762493733585988,-2.9081911466191297,2.06567416141497,2.499566473116831,-2.0581174673044496,-0.25863571431961185,2.1106648107819543,-1.7178596715281826,-2.3289922621857206,2.0632732351662684,-1.5675940696508015,-0.2286104829588531,0.1650980302330063,-2.9998163395295023,-0.20794970486511488,0.7363169170615267,-1.6863233503474744,2.148519178206463,-1.1703312507435133,0.7357601710807216,2.5452799370986945,-2.38897574955077,-1.7784220903264394,-1.4792098233117603,-2.6561038633003706,2.429530118717505,-0.8728981150969037,-1.2201266888940043,2.231199286942444,2.3627739609523086,-1.799169791491232,-2.0679416234558863,-0.26424331701487436,-2.0481639874186732,1.1085443693601702,2.194935637526388,-2.3737481893945374,2.1809964322427087,-0.16540801475250966,-0.13690581287789172,0.12911619421854148,1.594544957095546,0.10560046937354617,-0.37070295851398605,2.9818319657234875
numHidden 	5
numGenes 	48
minGene 	-3.0
maxGene 	3.0
popSize 	40
maxEvaluations 	20000
mutateRate 	0.01
mutateChange 	0.05
seed 	1554999260498
random 	java.util.Random@76fb509a
neuralNetworkClass 	class coursework.ExampleEvolutionaryAlgorithm
Training Set Training
Fitness 0.22652462335652468