-1.7020642749996577,-0.09493478399700717,2.428191320855068,0.11832576756995383,2.4270760636659343,2.212406901731491,0.4526092117228968,-1.7595308458490004,-2.14557725731889,-1.8919247132787436,-2.7855908607416797,0.8564963968393888,0.8475597956414465,-1.33378531252431,1.4356804688817295,-1.7083821179111993,-1.396189173905703,-1.8883659383693545,0.7856010639268343,1.5679556225339875,-2.170451149568448,-0.6956316456548803,2.8615241835806806,2.6280647163239435,1.0478507584856942,-0.734013910534431,-2.5764715153999527,-2.9657485636427383,-1.0931008358956416,-1.3066170895415332,-0.7211475954284259,0.6118895820702424,-0.7560496140803616,-2.9399029550980194,-2.086190561382032,2.1279839130430362,2.079614668651729,-0.0030181340038302196,-2.3905496636643275,-0.8432278643058195,-1.9253875724521496,-1.8266364432329394,0.35341232318182403,-2.217790305527997,0.2760951708735888,0.8666134571810131,-0.6259349395937739,0.7227248576896832
numHidden 	5
numGenes 	48
minGene 	-3.0
maxGene 	3.0
popSize 	40
maxEvaluations 	20000
mutateRate 	0.01
mutateChange 	0.05
seed 	1554999786510
random 	java.util.Random@76fb509a
neuralNetworkClass 	class coursework.ExampleEvolutionaryAlgorithm
Training Set Training
Fitness 0.22372146614791832