-2.46799792540103,-2.1083110131582123,-2.8907745719648297,-2.7789283163407283,-2.461975730143931,-0.9094262473921995,-1.8580899149690522,-1.6761905250412203,-1.9641011330437983,2.2922323993111,1.2673369160018648,-0.0762258930432278,-0.9237404311891448,2.5776070482500817,0.19030892943826982,-1.667634561334296,1.794755593518003,-0.2613134570056017,-2.2679592152604298,-2.4448071539785334,-1.6175979026830283,-1.113194106949066,-2.428755056379205,0.9111217453195213,1.4723861619842626,1.9167773292226675,-1.219694841954331,-0.4396526498218636,2.079011148505498,0.4171270288800226,-1.7712572768841117,-0.633275876250778,-1.6681195165588165,-2.1039979565283935,-0.7476483408067267,-0.23236849134100046,2.2933474984482967,-2.090884799653031,1.2500506202420683,1.01020159991773,1.1296765712180319,0.8303874376533251,0.07167301724350938,-0.7642192143619853,-0.17371407131255712,1.5977476388963172,1.1985858910312501,0.4550446592168078
numHidden 	5
numGenes 	48
minGene 	-3.0
maxGene 	3.0
popSize 	40
maxEvaluations 	20000
mutateRate 	0.01
mutateChange 	0.05
seed 	1554999626382
random 	java.util.Random@76fb509a
neuralNetworkClass 	class coursework.ExampleEvolutionaryAlgorithm
Training Set Training
Fitness 0.28910244875720886