-1.3326191753730539,2.294976769723541,0.8454585559124173,-2.3922718269974594,-0.535156068606593,-2.59948980134498,2.87781184913427,0.6029647431938963,1.7874297493404452,2.8556485795757016,2.7409084208960586,0.5586172472637774,-2.091636320032659,2.8556057902873535,-0.9639593329060911,0.8695304185941044,-1.0141938348965045,-0.3435999013023907,1.6459389117306653,1.9822871247134355,-2.8893927162318827,0.4623302091672614,-2.515663525617922,1.6111060288772778,-2.700584649345938,0.6881750869366345,-1.1165123877661058,1.0979639272349093,1.845192241782196,1.70494341586007,-1.3599150627694205,-1.5923959803401582,-1.3616486852846896,2.3010433843593967,-1.3400549289561425,-0.16011240079214772,1.210415353192543,-1.3487048457357167,1.9992532420133315,1.5712463393672396,-0.6717475687331311,-0.4157505873189491,-1.104921376916757,2.6037855956073273,0.9806308588204415,2.3738278323356807,2.110295676709889,-1.395110313113927
numHidden 	5
numGenes 	48
minGene 	-3.0
maxGene 	3.0
popSize 	170
maxEvaluations 	20000
mutateRate 	1.03
mutateChange 	0.05
seed 	1554927561241
random 	java.util.Random@76fb509a
neuralNetworkClass 	class coursework.ExampleEvolutionaryAlgorithm
Training Set Training
Fitness 0.191764681483131