-0.45776376567534705,2.0931035675394263,-0.8558680799488361,-2.893264585720021,-2.633269436977223,2.7622394853106282,-2.416893831890888,0.24688047623129616,-0.7755388340392813,0.4183968255209418,0.9601794333522262,2.2477969554814603,-1.495939825484073,0.5886980377720037,0.7193586074654474,1.8367971642096954,2.9863082698555994,0.6606984416921291,2.800088691282957,-1.5675692313503764,-2.896885383524766,-1.809706610332398,-0.6648364433152611,-2.8003365841483787,-0.8859245742101107,0.5543127455808454,1.9381797847772635,2.2406051207887225,-0.4774296210365936,1.9723979545156025,0.13198783593303798,-1.4579347232682514,2.4342168470185293,-0.08700569714128115,-1.555797393795956,1.6351947728846419,-2.3711385931922457,1.076025378589315,1.357943818679499,-0.5560385382784423,-2.126852184661523,1.510048506019812,0.6555872074472964,1.5081896274314195,-0.5559425781933838,1.974424948699423,2.730418019580801,0.6633759146558971
numHidden 	5
numGenes 	48
minGene 	-3.0
maxGene 	3.0
popSize 	40
maxEvaluations 	20000
mutateRate 	0.01
mutateChange 	0.05
seed 	1554927333512
random 	java.util.Random@76fb509a
neuralNetworkClass 	class coursework.ExampleEvolutionaryAlgorithm
Training Set Training
Fitness 0.15320913290531266