1.7236081186707066,-1.838846421077827,-1.3244099195488477,2.0722239324113545,-2.557267404800494,0.9523956916522751,0.7201691705441351,1.5049767981803246,-2.6492384621736007,-0.4684408126910804,0.3992142218905794,-0.9416226520051207,2.289922048576008,1.127611516862208,-1.6595536461047016,-1.2503310956183624,-0.39363228837755226,1.4851753849685299,2.2244945838438097,-0.039687608948684616,-0.5706826438149832,-0.6076253688632081,1.1202242432929985,-2.2910522686835932,-0.25885501788338594,1.0975798060859248,-0.2645019433288951,-2.444342512194373,-2.1381023318986196,-0.8264151637995072,1.073056312063284,2.148209203003569,-2.186488720561823,-1.2235806839676102,1.7917488383221247,-0.4716153348214407,-1.691709653832447,1.5721745656664812,2.821395040335368,0.36141530497039565,-1.176979529651931,1.8688899144209232,2.465101016039273,0.2339756820087575,-0.6256283907552556,2.6917199900664404,2.3459034163204393,2.086100510624779
numHidden 	5
numGenes 	48
minGene 	-3.0
maxGene 	3.0
popSize 	40
maxEvaluations 	20000
mutateRate 	1.03
mutateChange 	0.05
seed 	1554921797151
random 	java.util.Random@76fb509a
neuralNetworkClass 	class coursework.ExampleEvolutionaryAlgorithm
Training Set Training
Fitness 0.2816333123364387