-1.150587736944636,2.42724210008625,0.579815387536557,-0.2322812975341324,-2.7185365752158877,-1.781597134399604,2.7100800110497065,-2.7340799624543313,-2.166811770695735,-0.3740294858170552,-2.6125050433948607,0.8778404402524926,-0.4121462335798389,0.3710153569682815,0.805239744889664,1.8599836561046068,1.6795366664961096,-1.773740713985367,-1.5147147323901349,-1.3450527618728525,-2.3302081945253827,2.463616335044996,1.5968187634753894,1.1193636280727883,1.6378966203698093,-0.019924756219648287,-2.941717523140227,0.08103447447268364,-1.4343358453668087,0.4500078065316435,-0.9344577687191222,-2.466701666949646,2.955241481206601,0.38128502705446987,-2.735125158532663,1.2727267762330312,2.9132284519812863,0.9193757802183011,1.3031366080445652,-1.278214029760753,-1.833120630891787,-1.35209437816679,0.9386439915865905,2.051146321983107,1.6480663343294886,0.4759421829098045,1.2849717827046918,0.5268770394189515
numHidden 	5
numGenes 	48
minGene 	-3.0
maxGene 	3.0
popSize 	40
maxEvaluations 	20000
mutateRate 	0.01
mutateChange 	0.05
seed 	1554999626382
random 	java.util.Random@76fb509a
neuralNetworkClass 	class coursework.ExampleEvolutionaryAlgorithm
Training Set Training
Fitness 0.25192599940050125