-0.40985472121107236,0.2988891044051707,-0.7993092978466065,-0.4964970484254918,-0.6090912708988494,-0.9964002994443688,2.8447346560573363,-2.3348570116794303,-0.6647525279793287,-0.5678109024630977,-1.0713404110266995,-0.44269396982039666,1.8043834048971465,1.2385212209492042,0.5381221272243852,-0.22038948240682643,2.150034891467074,-2.7652612018079314,2.0133824404197354,2.7971316076789368,1.669034688060587,0.8723276967191751,-0.8900786296648056,1.1111187641106248,-2.3072097154033626,2.78075770878929,1.6021181689214838,-1.815595008714058,0.9260496977298578,0.7007980388369583,0.6939401589666216,0.05528196893622361,1.5502890415917552,-0.8601612174782796,-0.4247920997720187,1.9076042394079664,-0.32459562177863166,-0.7457160819381943,-2.8758950231182308,-0.6136333802722822,0.47924438105534195,-2.1706836864171883,0.10621596513327614,1.156985565293171,-0.18211756328097728,0.7790698266231617,2.25747991266401,-0.8970003873844337
numHidden 	5
numGenes 	48
minGene 	-3.0
maxGene 	3.0
popSize 	40
maxEvaluations 	20000
mutateRate 	0.01
mutateChange 	0.05
seed 	1554927333512
random 	java.util.Random@76fb509a
neuralNetworkClass 	class coursework.ExampleEvolutionaryAlgorithm
Training Set Training
Fitness 0.2805640630186748