1.6771230877819479,-1.0514155400371432,2.935268405994468,1.223334735327951,-0.3970111291754548,-1.5021057661128903,-2.3735627120928697,1.0205624697903515,2.7910826274314386,1.983007612539378,-0.956825338389625,-1.6777164565173825,-1.882013397457053,0.6462913846754597,-1.7900953391140828,1.246113563692199,2.225123446218472,0.3143784420205682,0.16102354229903781,1.3333704343981747,2.925616646627571,0.8077518951534524,-2.3921426599979165,0.11596503238812872,-2.9090139826149883,0.1068809130308006,-1.1839862843509463,2.383049288833507,-0.6056772971435329,1.0416927881333597,0.17426664965920402,2.3858876824514326,-0.5825445881963103,0.011401276721181297,-2.3392738477703707,-0.6965997372963737,0.4479702207540486,-0.8305565499516931,0.824149643821495,1.5623099288189914,1.7978131161262878,1.62351219728059,-2.002136036751235,2.064812988112755,-0.33144069477242866,-0.4965908557155636,0.2508761099249588,-1.976827326259426
numHidden 	5
numGenes 	48
minGene 	-3.0
maxGene 	3.0
popSize 	40
maxEvaluations 	20000
mutateRate 	0.01
mutateChange 	0.05
seed 	1554927333512
random 	java.util.Random@76fb509a
neuralNetworkClass 	class coursework.ExampleEvolutionaryAlgorithm
Training Set Training
Fitness 0.21028167052174787