-1.3523780538205519,0.0923418369435911,1.4587511955062205,1.4108171607716269,-2.983644996332018,0.10984325603399325,-0.3352036194334467,-2.083494466863004,-1.0599667139099096,-2.042302577351231,-1.2074588722442985,2.30391280324093,-0.2195001940206387,-2.4179172770573354,0.08177435556748591,-0.011853610980175233,-1.3917889685006553,1.278204659810509,0.855671851532402,0.8190514104983704,-1.192018142444612,-2.3735966945296054,0.8712162807223796,0.5728054757594068,-2.196053847125515,-1.863734099861872,-0.4946470703971073,-0.316773043529766,0.6214442294544371,-0.6977018183416503,0.7436191228684614,1.5638106505734157,2.7359724053619274,0.679002947473665,-0.11084578463101158,-2.255450508799168,0.32924985943524554,0.9250116612594041,-2.201330127000607,-1.6418494245576043,-1.3201177463515235,2.5452120291261924,-0.721867276050884,-1.741700775808223,1.9610201121396127,2.276612010344156,2.034581686258946,-0.7618296635649333
numHidden 	5
numGenes 	48
minGene 	-3.0
maxGene 	3.0
popSize 	40
maxEvaluations 	20000
mutateRate 	0.01
mutateChange 	0.05
seed 	1554999786510
random 	java.util.Random@76fb509a
neuralNetworkClass 	class coursework.ExampleEvolutionaryAlgorithm
Training Set Training
Fitness 0.28231375203671977