-2.730173067702916,-2.63155417162269,1.5882370880314376,-2.1481543381503685,2.4233144432234006,2.0710729801442778,-1.508343745412225,-0.1930214822678158,-2.933786133598913,0.5745344816738918,1.2347331115549336,1.353599768630862,-2.8430275234559446,1.8776601413621519,0.6404028553101879,-2.5144999740605876,1.2389685536852273,-0.2538654793000381,-2.5943430449142437,-2.7049509820067907,-0.9111320804106313,1.2085145610143693,1.6154464069710563,-2.850091984268042,1.2790421698057042,-2.9762720015106616,0.24922811385054633,-1.7357141491325303,0.20134814754538688,0.6805362987836769,0.37491793824222563,-0.7913753008264672,0.003870587566554118,2.4406199479357813,1.5980601222606063,-2.4284792884960353,-0.7659777928906495,-0.17438177677519295,-2.355429538749195,-1.4048929804968344,-0.239305086624519,-0.22537961970670128,1.703456904597541,2.1500510123754903,-1.235048942779152,0.46228672736847587,-0.6585322518704393,0.8987346877939739
numHidden 	5
numGenes 	48
minGene 	-3.0
maxGene 	3.0
popSize 	200
maxEvaluations 	20000
mutateRate 	0.05
mutateChange 	0.05
seed 	1554929391847
random 	java.util.Random@76fb509a
neuralNetworkClass 	class coursework.ExampleEvolutionaryAlgorithm
Training Set Training
Fitness 0.2543846483914236