-2.595861011048556,1.1334148863222024,-0.5556321179113559,0.9284675655214478,-1.2700066678201527,2.081736005243428,-1.5356080214404553,2.650671559506324,-1.5401480170612893,-0.7062519439957047,-0.07828003652168469,-1.6442228479810772,-0.3238766684029586,2.392131651315113,-2.0997996937453998,0.18773798488079008,1.226933201423794,0.40811495727880676,-1.936955380618008,0.37446125241131645,1.3103964673980748,-2.5128631088776903,-2.1298923936044316,1.9048833470746196,-1.4959091289511488,2.0625860544493673,-2.780411371460396,-1.7111642492522452,0.43596250847794904,-1.5546885759698428,1.1156565482559113,2.4011091645881466,-0.16218530764507744,-1.0066099079497057,-1.2728303125493223,1.596663208837481,-0.7950520092761328,1.6809424231243923,-1.0961619826638493,-0.09301927443412872,2.7054492530911274,-2.0234239856897207,-1.145156548432631,0.1881110962776935,-0.6599575309813228,-2.528660215570097,-1.7288925681326952,1.5889928373986333
numHidden 	5
numGenes 	48
minGene 	-3.0
maxGene 	3.0
popSize 	170
maxEvaluations 	20000
mutateRate 	0.03
mutateChange 	0.05
seed 	1554927795045
random 	java.util.Random@76fb509a
neuralNetworkClass 	class coursework.ExampleEvolutionaryAlgorithm
Training Set Training
Fitness 0.19703724867622685