-0.2695439173234231,-0.9993379837117828,1.0490169807571306,-2.4177268364818127,1.2239958756562306,1.695213054136552,-2.0026951368163948,1.9972117457954273,-2.088357407237506,-1.3041620387190056,-0.9406829016563449,-1.6474935242374042,-1.1424770734808176,0.24969241138885634,-1.6627777138061244,2.5753477808256644,-1.1667460201904771,-2.056820418676801,1.312378433024028,2.073507889359097,2.207641234529537,1.8752141751448024,-0.2805598442356185,-1.6430665649168594,-2.3825028234339225,-2.488996377151502,-1.0012045274026364,-1.0936462437648282,-0.06656846885301526,-0.3601298489798208,0.015990958915784947,2.5669193383402327,2.430955056956962,-0.5085059477344829,1.9770402433764431,-0.03050508297202814,-0.3387800907964298,-1.616677455325649,0.8962432063264272,1.3943406319610636,-1.712796146122478,-2.722257143798956,-2.4116204887708648,1.0915252549636705,-0.889867349254736,2.320981277717009,2.9598730069235355,-2.640475224376033
numHidden 	5
numGenes 	48
minGene 	-3.0
maxGene 	3.0
popSize 	40
maxEvaluations 	20000
mutateRate 	0.01
mutateChange 	0.05
seed 	1554917093182
random 	java.util.Random@76fb509a
neuralNetworkClass 	class coursework.ExampleEvolutionaryAlgorithm
Training Set Training
Fitness 0.2901720957717674