0.17218040241876986,2.559882913335519,2.1707655569376954,-0.8708456666539153,-2.7953425963406286,-1.5628699260766548,-0.075179252088728,0.21647834348306905,1.5661124974018987,-0.659889113361178,1.3374132601016617,2.2916815224172584,-1.8978959947391185,-1.2834640300181142,1.2729080596175155,-0.42772965568651466,-1.5256728420727341,2.2261703601413334,2.4586881696977434,0.7392569475590758,1.136872571606986,2.093984981731017,-2.7404613047646835,-2.7058531565765724,1.3352329032641075,2.0892527674882437,-0.4068431247134807,-1.9815962499976922,-1.7958294384642484,2.9659769506087503,0.29629765910354466,-0.622385326452934,0.4917261018350416,-1.4269138382237077,1.4209873015861412,-1.445625290899608,-2.174674062644242,1.6533797952065479,1.0476561409619007,2.0732135317045355,-1.237888374314528,-0.40174930957859,0.24696714143861254,2.6976733664918973,0.12929217833328144,2.1107625789412934,1.804535634887884,0.4339537260335433
numHidden 	5
numGenes 	48
minGene 	-3.0
maxGene 	3.0
popSize 	170
maxEvaluations 	20000
mutateRate 	1.03
mutateChange 	0.05
seed 	1554927561241
random 	java.util.Random@76fb509a
neuralNetworkClass 	class coursework.ExampleEvolutionaryAlgorithm
Training Set Training
Fitness 0.23332924441020295