2.881247521793094,2.300649799284746,-0.5748119720061862,0.3758284606168436,2.854603237122385,1.8020108245501056,-2.706041031372091,-2.9845674715604518,-2.772904226435231,-2.4410185548083563,-0.41677932297088827,1.8938772470032728,1.5400130242266137,0.6344132415377484,2.5977050234211347,2.2406166193176906,1.8213089754916272,-0.8615053159318542,0.4083545469029186,0.6311991490098787,2.8677184661876574,1.6900211721544611,-0.23867118830386547,-2.8865839949703513,1.0533448216663572,-2.0742114735654296,2.2383052145407127,2.0348629998390724,2.4068447012144603,1.8251410272020765,2.79985022248482,-0.24796906968288202,-0.03698890798727561,-0.6977529999980785,-0.17394278726406798,0.555336552269809,2.5957225927183023,-0.35827399691081263,-2.311430170447544,0.7363032674684233,2.677902299620036,2.9137976538227655,2.7455316698959074,0.7523949766244371,-2.0097002258062515,0.5031665293005041,1.4459229974414143,2.9118075227539286
numHidden 	5
numGenes 	48
minGene 	-3.0
maxGene 	3.0
popSize 	170
maxEvaluations 	20000
mutateRate 	1.03
mutateChange 	0.05
seed 	1554927664865
random 	java.util.Random@76fb509a
neuralNetworkClass 	class coursework.ExampleEvolutionaryAlgorithm
Training Set Training
Fitness 0.23024968263324574