2.4883520635612886,2.969562932615071,-1.2458808132017591,-1.6001808695899455,-2.3579419568412883,2.8700881402329257,2.384613297628565,0.8800804763657286,2.6527610319248147,-2.7900825889417114,0.009654132166048157,-1.9054072694149733,-1.4114041652567393,1.5393656070009962,-0.8338380584864797,1.0259931289196587,-2.3647820031048754,1.2450786440974895,1.8892133405414988,-2.8007223606676854,-2.1465615306828703,-1.727539661767264,-1.3954531373105465,-0.16326968275374742,-2.310991785832866,-2.6732649649514784,0.5854450837457099,1.0720229513953097,0.17492102166675405,2.6351048054030484,-0.2741168998287349,-0.984093136896087,1.6240254658907824,-2.6182446095868723,-0.5419925291657317,0.46396137672574955,-1.595342693210838,0.39426520178802527,0.6556829842338736,1.4724137585067245,-1.8755719038456782,2.5642644539127746,-0.68298669045735,2.9010889308910333,2.217224789346216,0.8269920337358441,-1.292584257333735,1.3330970626757646
numHidden 	5
numGenes 	48
minGene 	-3.0
maxGene 	3.0
popSize 	40
maxEvaluations 	20000
mutateRate 	0.01
mutateChange 	0.05
seed 	1554999626382
random 	java.util.Random@76fb509a
neuralNetworkClass 	class coursework.ExampleEvolutionaryAlgorithm
Training Set Training
Fitness 0.24333526065307212