1.3819294373166624,-2.0391554998312262,-1.3618947561629686,1.5203354017011348,-1.600761385798113,1.0537722483932797,-2.7840079489374667,0.2282849765803725,-0.7390644941656972,-2.3483414119096873,-1.7472638666401452,-1.0476050295751123,-1.2832459218307966,1.1922606520629149,2.629207135208615,-1.6954496716756917,-0.08911380946634528,0.3949096192642476,-2.0480323915675003,0.7317238903213656,-1.858907396413125,-0.08402673044338149,-1.0124078717113971,-1.3989957160984976,-2.9176492705471153,-1.0054637546266592,0.025847701531345635,2.7008348915872524,-1.7842996290733133,-2.0484812955271883,2.653608653581056,-1.6511650302491363,-2.205254092981341,-1.4558776217850204,-0.018074880361562684,-2.8460088917735265,-1.2884281753949338,-2.7463275307109796,-1.6332891467082633,1.275932427895432,-0.9093790713687864,-1.4014128481404184,0.09906527281685662,-2.2435757653983908,-0.6566119371014443,2.5153848787088933,-2.5857126295389143,-2.831864677635511
numHidden 	5
numGenes 	48
minGene 	-3.0
maxGene 	3.0
popSize 	40
maxEvaluations 	20000
mutateRate 	1.03
mutateChange 	0.05
seed 	1554921797151
random 	java.util.Random@76fb509a
neuralNetworkClass 	class coursework.ExampleEvolutionaryAlgorithm
Training Set Training
Fitness 0.2556618146963862