1.4371856160746344,-0.9124583809716458,2.0375153611706516,-0.5414242901897093,-2.9707203163123985,0.5003166521122937,-2.067467164656347,0.7819156866258274,-2.937929778897356,-1.1689486979699537,0.5908265817344565,-2.6386800663710357,0.8449005609702884,1.092249121927317,2.7531866149333686,-1.0841059923452618,0.7528307739304854,2.1395541482753284,-1.6320924111038706,-2.8165668840350726,-0.9784463411942115,0.7455982264286813,0.01866765730746689,0.8436884626659111,2.8734076751112783,0.05150080069238161,2.7979778062486025,-2.114340078960843,1.98028766169032,-0.15140100193472428,-2.259601722129786,0.7533307001395153,2.4704231832842822,0.2660274111546572,-2.1503606092751117,0.1960509388166285,-1.175335490072057,-2.9996803263060294,-0.38891055397461827,1.779074306416918,-0.9159065369097399,1.2212468004120076,0.6762304194264557,0.47655310750247803,-2.1955582968245184,-1.27634384326899,0.13782600720985005,-0.32641221061273207
numHidden 	5
numGenes 	48
minGene 	-3.0
maxGene 	3.0
popSize 	170
maxEvaluations 	20000
mutateRate 	1.03
mutateChange 	0.05
seed 	1554927561241
random 	java.util.Random@76fb509a
neuralNetworkClass 	class coursework.ExampleEvolutionaryAlgorithm
Training Set Training
Fitness 0.22158049468979