-1.317983185701224,2.5586054993825176,-2.3928395066417814,-0.9553204147641248,1.4936878707485164,-0.34372065693452836,0.848426623586878,2.615434348626132,-1.9968834167863283,-2.9938574335247354,1.9063338540283254,-1.5433285907600214,-1.8045207541448944,0.5108409258911415,-0.7830255806306288,1.2812144248406678,2.1412505927401497,-2.961729978475379,-1.7172071565604803,-1.4126230869539622,-2.270666475050655,2.83653684284136,-1.8280658241453562,1.0479302389616079,-0.10840398947614416,-1.4503704763615515,0.8993504790625861,-1.2165620424776313,-0.3345668358065179,2.5724986274321626,1.3478071213344993,-1.5313721923055974,-0.7016020131555423,0.513561605684274,-0.536897346516473,-2.781484465996067,-2.6061413212610196,-5.734978498859178E-4,-0.5285119066897219,2.6365446774740082,1.8290709258957811,-1.039060472290019,-1.1815557939579302,2.280053072342575,-0.1530312860625349,1.8814480250801138,2.4166452750714793,2.1089210797938236
numHidden 	5
numGenes 	48
minGene 	-3.0
maxGene 	3.0
popSize 	170
maxEvaluations 	20000
mutateRate 	0.1
mutateChange 	0.05
seed 	1554928056301
random 	java.util.Random@76fb509a
neuralNetworkClass 	class coursework.ExampleEvolutionaryAlgorithm
Training Set Training
Fitness 0.1829171960980801