-0.12723981945265095,-1.2304542301363393,1.440402768044513,-2.077221275314858,-1.3366883985133193,-1.92325458919721,-1.4068817716639097,-2.2608007317947556,-0.46429242576039176,0.5689687015493252,2.93305546134688,2.710343065118507,-1.4798898898080965,-1.065415003702158,1.788182583396459,-0.5621451646049653,1.098434309039102,-1.038952230092172,2.003398855435882,-2.8659659680879583,-1.0821579970573854,-2.3817640666196125,1.6681949496227322,2.459783248879676,-1.4534093440225069,0.021842197901015936,-0.8257642366890083,-1.390971492125104,-2.9187397961436674,1.3177666218358786,2.746849418001476,-0.6485321015804044,-0.30632476014800814,-0.14536128761246747,-1.1575493533284764,-1.2095808847117924,1.9226371576173147,-2.7247322198076063,-2.510526400904473,-2.4250335380833636,-1.330121684961334,-0.6410074322775179,2.7734381812806443,2.225524910551263,-1.5485539815914275,0.5855703519608757,-0.7726822076175068,-1.9106403663662677
numHidden 	5
numGenes 	48
minGene 	-3.0
maxGene 	3.0
popSize 	170
maxEvaluations 	20000
mutateRate 	0.03
mutateChange 	0.05
seed 	1554927886711
random 	java.util.Random@76fb509a
neuralNetworkClass 	class coursework.ExampleEvolutionaryAlgorithm
Training Set Training
Fitness 0.18915374449127448