1.6343286772330083,2.0484705836611816,0.6241904674862591,2.035564875096755,-1.8263347199072333,-1.032643888881298,2.2579138439533155,1.946072543233007,-2.0564365809413774,-2.8551660628088102,2.2892026811131956,-1.6650142991039354,-2.0724110256536536,2.4880980396350134,-2.5535005799647688,-2.9250835043148657,-0.04635847557360284,0.19879644406207042,-1.6446156749511758,2.368629258593513,1.694181409375898,0.002760073733614643,-0.6108713453743051,2.0964514415286235,-1.8594696524399175,-1.2146314394136613,-1.4561734705075247,2.6693891741972635,-0.2193242565698288,-1.933425219534138,-0.9959376919796217,1.1569292618227767,-0.18256598215290687,0.028905848178475857,-1.6087610862780786,-0.29344241268749993,-1.1912551390154102,-2.4714437719967215,-1.0496349582385123,2.957567846663796,-2.9057044365641005,-1.3260169710914567,-1.8677276284869897,-0.725214936578797,1.2925936587753384,1.148213043957285,2.1669048799443518,1.1883718070167788
numHidden 	5
numGenes 	48
minGene 	-3.0
maxGene 	3.0
popSize 	40
maxEvaluations 	20000
mutateRate 	0.01
mutateChange 	0.05
seed 	1554999626382
random 	java.util.Random@76fb509a
neuralNetworkClass 	class coursework.ExampleEvolutionaryAlgorithm
Training Set Training
Fitness 0.1777260021879875