-1.720120007446424,0.06539228617432791,2.9525633370393054,1.9519727186043578,-1.333516777434231,1.716963524273572,-0.2795151483081324,-2.0852664091790354,1.542618402289957,1.1034068229976022,-1.2360798336475212,-2.8378329503171993,2.4361286380382765,1.2592552485559576,-2.0962595589654507,0.6976108642321268,-2.839769656642186,0.11903893890218864,-2.7605884277731096,-0.5787777148320501,-2.1002151541842253,-2.4468020909723776,-2.0199507640476853,-1.9838032501690346,-1.8907963285197005,1.4138570601898355,2.560101896157981,0.36837892352557056,-0.10009068105037411,2.2405496304254218,1.517383072497318,2.6488420994345523,-2.758249942458775,2.156833864435308,1.1014114636811243,-1.3363738961347333,-0.8632430373601281,-1.942893138511799,-1.7422525597634901,-1.76307358618313,-1.054886975418072,-1.5612201726014905,-1.5007465059944107,-2.756356865579562,-0.7478117141553313,1.1783365558066254,1.227935953799193,-0.5556966034246313
numHidden 	5
numGenes 	48
minGene 	-3.0
maxGene 	3.0
popSize 	40
maxEvaluations 	20000
mutateRate 	0.01
mutateChange 	0.05
seed 	1554917093182
random 	java.util.Random@76fb509a
neuralNetworkClass 	class coursework.ExampleEvolutionaryAlgorithm
Training Set Training
Fitness 0.2834784654657948