-1.4584674822690413,2.5893601095288794,0.6688481715520487,1.436435875691032,-1.1306891563309387,-2.2759446009044515,1.4073380220345886,2.3960336037204053,2.657216158618465,2.1308242382154816,1.0845397959533507,-2.477327281494718,2.6973524631834245,1.3284943937288798,-2.5373801937846125,-0.36105885393874093,-0.4984080119361436,1.1009174629264091,0.20615594702348794,2.89020403008354,-2.7913858545802865,-2.620084388145403,-2.4406210357769504,1.2150351342924415,-0.09049395612367839,-0.4042139540144918,-1.9347655014121996,1.2724341293124528,1.305926300718271,-2.6907335686622815,-2.6200812935498043,-1.1971814487389327,1.3785062104340682,-0.8755858062967974,-2.281043188831344,-1.9459229473582111,-0.5556684720615293,-1.4951056882790503,2.890820638494901,-0.004232245852518801,-2.378974805428781,1.176722125164364,-0.7685012729444778,0.5738429426549914,2.291116337596117,-2.7014474525690355,0.0483570751467961,-0.7749254243183836
numHidden 	5
numGenes 	48
minGene 	-3.0
maxGene 	3.0
popSize 	170
maxEvaluations 	20000
mutateRate 	1.03
mutateChange 	0.05
seed 	1554927664865
random 	java.util.Random@76fb509a
neuralNetworkClass 	class coursework.ExampleEvolutionaryAlgorithm
Training Set Training
Fitness 0.22182369224169612