2.033872284942035,0.3885277906618976,-2.2070970589288015,-1.5490053368776757,0.2965819892534025,-0.5898326523697994,2.519899799143891,1.9156397441778639,0.3255445879625585,-0.22201540692894017,1.1983729599188973,-2.066789708914871,2.2764171283911807,2.234500196382138,-2.8470631902826344,1.6447112123685335,0.7638964639176309,-1.352301587363014,2.5096182000582434,1.3018414123038884,-2.0933969162873236,0.7529090740995574,-1.5622737436918162,2.977095204370886,2.8720631521266533,1.6539279611645084,2.759099596597019,-2.6682231698106933,-0.24062720377495683,1.2485960113867982,0.24180751131428924,-1.5461713111193285,-0.46201000767588907,1.234293786277326,1.3699913970441635,-2.388638496175873,-1.6705417746922986,-1.9734551354263157,-0.45635602847736045,0.7892552936770567,-0.42527444274566895,-1.2108508081242504,2.5117318689500516,0.08518753038718963,-2.4269183178201956,-1.1729902549985476,1.3791760616700763,1.43792602650268
numHidden 	5
numGenes 	48
minGene 	-3.0
maxGene 	3.0
popSize 	40
maxEvaluations 	20000
mutateRate 	0.01
mutateChange 	0.05
seed 	1554927333512
random 	java.util.Random@76fb509a
neuralNetworkClass 	class coursework.ExampleEvolutionaryAlgorithm
Training Set Training
Fitness 0.28978260687909946