1.4642014879410468,1.3480486812336956,-1.0868015039107934,2.5675806191979795,2.706208878329794,-1.921736593685897,-2.8397520920005928,1.9914480279114475,0.7702632513915297,0.6565739711027332,2.712137533302447,-0.37971957837655346,2.862190591439232,0.3685215479108894,0.33551822779469553,1.082276706426108,0.06643406340104585,-0.09095592414506104,0.7651234068291153,-0.8473098274774902,0.10530277462544468,-1.5948079367064676,-1.1331286995588985,0.04589916491932167,0.3326696317398463,1.2464603695452983,2.095688392141837,-0.8594492907820603,1.8673314634249216,-0.8862138774459662,-0.5977096386921139,1.176291004081957,-1.4963354399544762,0.5025650876486729,-2.305670788968082,0.8336417216304843,-1.2928664527754312,-0.6231707708448937,0.845983247088232,-1.0808708483389664,-2.390371096689183,0.37103014716776084,-0.9237548003214293,-2.87417856518743,2.464535795226868,2.1726685554801834,2.279828639756561,0.5249721785278876
numHidden 	5
numGenes 	48
minGene 	-3.0
maxGene 	3.0
popSize 	40
maxEvaluations 	20000
mutateRate 	0.01
mutateChange 	0.05
seed 	1554999786510
random 	java.util.Random@76fb509a
neuralNetworkClass 	class coursework.ExampleEvolutionaryAlgorithm
Training Set Training
Fitness 0.22176237544524205