-0.5415587217077471,1.033110402753091,-2.534925936678892,-1.886459321280661,-2.8791804692088183,-2.4976343350052304,2.7233827998022253,-1.5493084990424517,-1.9220863037615334,-2.660093267383914,2.2969341464811404,-1.1793770578561353,-0.059759114409665415,1.2977266705478652,2.3551077032959293,0.526024618181943,1.5562905698986143,2.0940121760442034,-2.226032238627866,-1.7340758148030044,-2.3717565377044174,-1.071302884132939,0.7123842778281104,1.123873424383902,0.8534605301002807,0.17656652773331416,2.3572046275870013,-0.9250378680463767,-0.258904803040064,2.283726170159759,2.642101674814172,-0.6588122925337832,2.298103370374461,0.6100558998838741,0.008396635710602673,2.610257752833662,-2.238650837790929,-0.885444990115432,-0.5226718637016736,-0.744054356513173,2.4724234262411766,-1.6277090042321711,0.4419076908130757,2.258671452917195,-2.150784078332422,1.4409547317454372,-2.3373235374547594,0.5230226854577067
numHidden 	5
numGenes 	48
minGene 	-3.0
maxGene 	3.0
popSize 	170
maxEvaluations 	20000
mutateRate 	0.03
mutateChange 	0.05
seed 	1554927795045
random 	java.util.Random@76fb509a
neuralNetworkClass 	class coursework.ExampleEvolutionaryAlgorithm
Training Set Training
Fitness 0.19475352773216198