-2.591546144075723,1.5685608945557625,-2.578702952645833,-1.659866424180212,-0.2322265619315962,1.9379510457686369,0.11209054916168792,0.2609764449514209,2.8122196737390395,-1.5807905550420513,0.5488690212325436,-1.563226607998229,0.3239757027462611,-1.4676304154847317,0.4523097971033785,2.8596763140979267,1.6200994112474696,0.6657660376690644,-1.7269529791849574,-0.9046815389518645,2.364539451803733,0.7210019517154311,-2.346221213408498,2.423294176613796,-1.4277138278936188,1.802392978535118,-0.5761872718959102,1.9256501832993873,-1.9360997720610655,-2.840186958733407,-0.09324957569574543,1.0907106014267143,1.2829539014222995,1.2950354175824943,-1.0549420033912076,-2.080522157395057,0.48071925585263653,-2.2196631265308397,-1.894181979576268,-0.12072338925251991,2.8017331304942052,0.9143049601089359,-2.969996051391378,-0.6557727847568371,2.770666351103051,1.8534564082035718,1.8231640760233372,-0.6054414839598863
numHidden 	5
numGenes 	48
minGene 	-3.0
maxGene 	3.0
popSize 	200
maxEvaluations 	20000
mutateRate 	0.05
mutateChange 	0.05
seed 	1554929391847
random 	java.util.Random@76fb509a
neuralNetworkClass 	class coursework.ExampleEvolutionaryAlgorithm
Training Set Training
Fitness 0.23815829221938328