-0.5835580461916807,1.7674423104631067,-2.560437865941355,1.7005849037825183,-0.9021366964393094,0.5501824655217566,-1.644747911239334,-0.02386986037495431,-2.6825146203052475,2.882963213695777,2.6616984885504493,-1.2731642421873155,-0.8691180941235777,-0.27971151006210704,2.9465602772165624,-1.1386251905013147,-0.5501672456861222,-2.6436519328597834,-2.106039327258406,0.7286749817662805,-2.389857140162926,-0.7121894071249333,-1.7499518458446253,-1.0361354026692706,1.4408628369885488,-0.6873183311667201,0.9066288162296647,1.9923727506506106,-2.682238315358912,0.6581375910445715,0.20192875666097443,1.1872419585393832,2.0256950714766777,-2.1810876307234146,0.8480942385190859,-2.71787000969751,1.0338146362119236,2.61399114077728,2.6430832553645747,0.1874014200889773,-1.9956436408764127,-0.2669682018422934,1.3101492879076382,0.8391304188777697,-1.989954629938928,1.7451112594984988,0.4311647806604304,0.1307583986310652
numHidden 	5
numGenes 	48
minGene 	-3.0
maxGene 	3.0
popSize 	40
maxEvaluations 	20000
mutateRate 	1.03
mutateChange 	0.05
seed 	1554921797151
random 	java.util.Random@76fb509a
neuralNetworkClass 	class coursework.ExampleEvolutionaryAlgorithm
Training Set Training
Fitness 0.2116213285743634