2.8002252541297326,-1.5091709504569086,-0.9518507536019705,0.6777783169542992,-2.368981343529244,-1.6793543016733101,0.9211612010545394,-1.294308430994422,-0.9711798605652238,-0.8160804680094982,-2.1946582595400272,0.9185525508329992,1.5287427469954382,0.24165653750514782,-2.472305594105233,-0.05356533855839807,-0.0689355818376356,-0.7389485399594058,1.25637442392122,-1.4085798249861345,1.8495602362823176,-2.953684125029671,1.7817655772426688,2.024307641813791,2.061797626639537,0.09796620140186185,0.644289190204411,-1.4800705119294915,0.25630098335906837,1.934837373103056,-0.574466662978673,1.4417129063235086,0.01173399025889621,-0.2623041507278412,1.103276851729495,1.50447515715424,-0.7290251212963446,0.8854378749784688,-2.85753519955186,-0.6496961228472733,1.1881986819610049,-0.4455370382879349,2.953179156535593,2.1657341745939735,-2.970186413121316,2.8389289265202855,0.493131914559628,0.4492907563256736
numHidden 	5
numGenes 	48
minGene 	-3.0
maxGene 	3.0
popSize 	40
maxEvaluations 	20000
mutateRate 	0.01
mutateChange 	0.05
seed 	1554999260498
random 	java.util.Random@76fb509a
neuralNetworkClass 	class coursework.ExampleEvolutionaryAlgorithm
Training Set Training
Fitness 0.146953475096472