2.5549340171525134,1.104633423078413,1.2226634497610505,2.2233697017451606,1.4098441676379716,2.0185577531239502,-1.168893156158076,-0.860203841369712,-2.0306846967285774,-0.07864871445571264,1.6915537377894578,0.43080766301220264,-1.750484321635968,2.0080716533394742,-1.3650679812654152,2.0495446369091006,-2.1264421349351217,-0.8908017893352733,-2.573846450336624,1.2075220704379444,0.13085650041182406,-0.9957723023103506,-2.378948874282224,-2.76170015255956,-0.21718536443374115,-2.2996676907605913,0.3164657069230046,2.701697956879964,-0.07833829420198057,-0.638676349557691,-1.037391965353453,-2.5442088259012676,-0.039247710607115405,-2.42197862089185,1.0220618023728587,-2.9764748800097687,0.7936167627517179,-2.6355108413065826,2.062522736538516,-1.1320903056964513,-1.6944572094750265,-1.3545435734092068,-0.13939365947435078,-1.8356532955068987,2.755445740343209,2.068604847680075,2.2717895877263405,-1.679231829139529
numHidden 	5
numGenes 	48
minGene 	-3.0
maxGene 	3.0
popSize 	40
maxEvaluations 	20000
mutateRate 	0.01
mutateChange 	0.05
seed 	1554999786510
random 	java.util.Random@76fb509a
neuralNetworkClass 	class coursework.ExampleEvolutionaryAlgorithm
Training Set Training
Fitness 0.18011143387504028