-1.7633066056379962,1.1001291912440063,-1.7022543542845197,2.7363924747531456,-1.2620454889310895,-2.1027532940470346,1.6510312523897364,1.3600838544502372,-1.7644946671080455,1.252183325272517,2.214105134138255,-2.4688615936935125,0.5318827636837797,2.6342271916176117,1.1072898617798792,-0.4502029796596494,-1.9414706022432564,1.8160384479698974,-1.761787958900619,1.4625311576370237,-0.9349632476788958,-2.168070583461633,0.7430732231366486,2.676183151636492,-0.07282345634683951,1.5055396869435276,-2.1342287582347765,2.4398101486062362,-0.11286519479844426,-0.20071384778797619,0.8685588739060619,-0.6246753590909258,0.8342868641272547,1.2047670573110505,-2.918398710312984,-0.8264318122537482,-0.032727687209767264,-2.2024087524998555,0.6499655630012064,2.945504216910246,-1.651948558498512,-2.578093274988613,2.9252456201216557,-1.4712383617899945,1.4660451880226306,2.749193186083275,2.775200673783109,-0.7021908139134583
numHidden 	5
numGenes 	48
minGene 	-3.0
maxGene 	3.0
popSize 	170
maxEvaluations 	20000
mutateRate 	0.03
mutateChange 	0.05
seed 	1554927795045
random 	java.util.Random@76fb509a
neuralNetworkClass 	class coursework.ExampleEvolutionaryAlgorithm
Training Set Training
Fitness 0.17439240623693475