0.06839290821173716,1.359564979527799,1.8540617494795049,-0.9900563381533027,-1.9204891543346578,0.4307493165570042,-1.397331548615035,0.1448872707990474,1.3934176778791247,0.3790600247490761,1.3880845146475753,-0.5160648441143079,0.9753889965049853,0.5100463492784231,2.3222780984008926,2.3870876089314557,-0.4414548279225161,-2.921303571192947,-1.5526560206658178,-0.04165715591121977,-1.880435788563636,0.6913684058700813,2.507221333999065,1.2990759179090219,-2.243064120789806,1.4773732254078373,-0.15957288418979143,-1.7321459619448678,-0.7753755090050252,-2.074833251099194,-0.5418023406415502,2.3516089249731698,-0.7685689315898703,-1.6925920306773237,0.44860081879394054,1.2511320490342062,-2.5887327330651164,2.085934511758577,-1.1391433857630826,-0.7805928535371791,-1.3980248337608956,0.5920039350397159,-2.8247274800175557,0.06433667542401666,-0.2597506351199943,1.618949074679966,2.3528732341001213,-0.9620257003340869
numHidden 	5
numGenes 	48
minGene 	-3.0
maxGene 	3.0
popSize 	40
maxEvaluations 	20000
mutateRate 	0.01
mutateChange 	0.05
seed 	1554999626382
random 	java.util.Random@76fb509a
neuralNetworkClass 	class coursework.ExampleEvolutionaryAlgorithm
Training Set Training
Fitness 0.28200327175218987