-1.575595446854665,-1.1743942275784731,1.680218775382416,0.5691916680840565,-2.954125657980658,-0.8822127304838849,0.2598041527586057,-0.17807073491572778,2.503712997025315,0.24215809652084186,-2.2151790170409216,0.021111348418510367,2.1632659350696155,0.1615157409372645,-1.7393375229277939,-2.343914974808032,0.1616902803058653,-2.4039793378387007,1.3512979909774927,2.2631262087490374,-2.4503164226084815,2.85486283956084,0.8933496698120349,1.5640773918153563,0.8847408709165787,1.9915104538040893,0.7604700519271015,1.1591281465209118,-2.3820796739613193,-2.340809157592295,-1.155192496399132,2.254880707931264,-0.48741816816942674,-0.8258897010270405,-0.33742471283618336,2.633449019690726,1.417547197528993,2.1122794831396954,-1.9815189865610863,-0.5195507226898055,-2.0113849301971776,2.2716702575286476,-1.720997855974659,-0.21064777637052234,1.411347672263636,2.0247896358161084,-1.892769793470192,0.8467732913529007
numHidden 	5
numGenes 	48
minGene 	-3.0
maxGene 	3.0
popSize 	40
maxEvaluations 	20000
mutateRate 	0.01
mutateChange 	0.05
seed 	1554917093182
random 	java.util.Random@76fb509a
neuralNetworkClass 	class coursework.ExampleEvolutionaryAlgorithm
Training Set Training
Fitness 0.2624321705663484