-2.7461485585755065,1.0974841359762486,2.6067266613530675,-1.9429315302721517,0.684523848862824,-1.9937220897099248,-1.1881386794809299,-0.3986445479283445,-2.5945111965243806,2.2840195821225153,0.08693861097440436,-2.7338424514017134,2.6925845792364633,1.418647827393042,-2.4025599934278876,-1.4115280304892068,-2.756065137773761,-2.504776899895262,1.5766542097338716,-2.6693535990828376,2.8672815583715776,-0.436501362189059,1.528175860280835,-1.2339063059789916,1.5343051232730192,-2.973544206568297,-0.7034168901616473,0.6578142221642205,-0.2313321069326837,1.4008160264061367,-2.5435744775949933,-2.462424028275177,-0.7143119216094354,-1.3264107595804537,-1.8604192370039834,-0.7646018655058091,0.6902246270529364,-0.21073375040156428,-1.9715438920504036,1.388279919441743,-0.13447688542821723,-1.4496905132729163,1.7874369233226748,1.8739165240358844,-1.5505523939838906,2.3991413509620685,2.6874020138828234,0.7694361825518752
numHidden 	5
numGenes 	48
minGene 	-3.0
maxGene 	3.0
popSize 	170
maxEvaluations 	20000
mutateRate 	1.03
mutateChange 	0.05
seed 	1554927561241
random 	java.util.Random@76fb509a
neuralNetworkClass 	class coursework.ExampleEvolutionaryAlgorithm
Training Set Training
Fitness 0.13903077861137503