1.7638754755166657,2.4029410297676215,0.8040376535782103,0.8411199788194903,-0.6616391256241405,-1.3358882110241292,-1.8813053568499756,-2.922677917434342,0.6614188013743849,2.6858297469806676,1.470112780036306,2.661882907397584,-2.4284768235477237,-1.0857325270263867,1.6071286172941974,1.9878693754112238,-1.5503855005933884,-2.089583364096206,1.6200503539842934,1.9736798638578943,-1.404755604453145,1.9004156725218344,0.687120584436939,1.5119414123674169,-2.3377494444175313,1.9740142874706175,2.1088725370819237,2.1540386820761963,2.0535587808023186,1.3576295383236845,0.12665702898307263,-1.3919055238193285,2.1649446491564657,1.163054269273263,2.3555992845521487,-2.3034180927708414,2.545319224816982,2.6749890181785085,-1.816265004284619,1.1756052781699031,1.4063405415001293,1.5901803718780547,0.1980511843291639,1.261249193672625,0.46688465884844277,-1.341947482496283,1.5946494278159156,-0.16074810855651878
numHidden 	5
numGenes 	48
minGene 	-3.0
maxGene 	3.0
popSize 	40
maxEvaluations 	20000
mutateRate 	0.01
mutateChange 	0.05
seed 	1554999260498
random 	java.util.Random@76fb509a
neuralNetworkClass 	class coursework.ExampleEvolutionaryAlgorithm
Training Set Training
Fitness 0.21146353842426102