-2.7335355954195153,2.5947383146285192,2.899780366823074,2.863755980921038,0.6922421233271847,-0.6565227709498949,2.705842289553992,-0.09446002390431785,1.6279524310497537,2.1834000868158707,-1.2297774902566738,0.3448701885255341,-1.8793564511779743,1.859787391592187,0.22964695602872398,-0.713660412540996,0.6338945489949914,-2.6839967668933977,-2.711198562202078,1.4044355264223807,2.3877481531304507,1.2408350802030004,-0.4939507327457493,-1.9932448969961332,1.4534792319577665,2.25145158976097,2.0016787364979134,1.637593986350625,1.942004665517123,-0.3696250618920369,0.1140086785016301,2.225264394605187,-0.7678376916168652,2.314160265947283,2.8548551670749935,-0.4754525898844886,-0.2699907926887115,1.0482717867312985,0.27953089202686066,1.791228897181603,1.1327112215611024,-2.7230576840212706,1.587724203387566,2.2487174853730867,2.5905163690123274,0.42860025645352984,-2.5897268735582504,2.9672888179975807
numHidden 	5
numGenes 	48
minGene 	-3.0
maxGene 	3.0
popSize 	40
maxEvaluations 	20000
mutateRate 	0.01
mutateChange 	0.05
seed 	1554999626382
random 	java.util.Random@76fb509a
neuralNetworkClass 	class coursework.ExampleEvolutionaryAlgorithm
Training Set Training
Fitness 0.20183886190021053