1.1096813618426875,-1.5283283099328502,-0.7983892148768943,2.151138626279775,-0.9582845248410683,-1.1889085857532053,-1.1615848790312282,-0.91345318807545,1.8759151893615886,1.2705378739957673,1.491928242955991,-2.352102127261044,2.851379577916112,0.44144671186103857,0.5824933159009564,0.31146446228539393,0.739042660421859,2.399749385462692,1.8883013996065614,-2.32531950539395,-0.8067507208761384,0.28035887199171405,2.1735622371771566,0.1566097721574362,-0.8747446058845201,1.281706398841128,0.9047314268934983,1.3691586158250626,-0.39066441769671645,-0.9343984122026372,2.5019993893137906,1.9592634900734751,-0.06040129961888985,0.7969825400117125,1.8994176512649101,-1.0296649616837241,0.5005378684766293,0.7849221418457644,0.45071049516819484,2.456780466592427,-2.9032379376727926,0.840551061769041,-1.5810060177701066,0.20848017282758935,0.3072757241724471,1.059355834106241,2.427292688267138,1.0026366121708277
numHidden 	5
numGenes 	48
minGene 	-3.0
maxGene 	3.0
popSize 	40
maxEvaluations 	20000
mutateRate 	0.01
mutateChange 	0.05
seed 	1554999626382
random 	java.util.Random@76fb509a
neuralNetworkClass 	class coursework.ExampleEvolutionaryAlgorithm
Training Set Training
Fitness 0.24952885825224227