-1.0512511397925375,-2.016256926629225,2.604100522692928,-2.7888565696220864,-0.4750501221588004,-0.2733848123750948,-1.2766873076307816,-0.9746523343532347,-0.31239654764338187,-0.46359321364570594,-1.4028730262865032,-1.2690192945720775,-1.930704472505222,2.7573341987165865,2.893246100318816,-2.3567482589430977,-0.56490979626028,-1.7865052928281362,-1.130249913349102,-1.3292435308102666,1.9440075666756602,2.6724373418031284,-2.584427917564315,-2.190283446974872,2.9229507704778346,0.9860233715330535,0.06872616814150767,2.3440434340317813,-2.338677898910646,0.3675000917915421,-0.9570150560318891,2.5685475114807703,-0.6111346464627347,-0.03511692336207917,-2.0832425053985526,0.2725365174509804,-0.30893403868766267,-1.470585828973204,-0.3015392148156981,-0.4215301377520433,-2.8542580007571425,-0.44596601646315737,2.4807244232310826,2.025253355528392,-2.0687490789326457,2.770479842561893,0.8313201853944152,2.0181874727357156
numHidden 	5
numGenes 	48
minGene 	-3.0
maxGene 	3.0
popSize 	200
maxEvaluations 	20000
mutateRate 	0.1
mutateChange 	0.05
seed 	1554947641351
random 	java.util.Random@76fb509a
neuralNetworkClass 	class coursework.ExampleEvolutionaryAlgorithm
Training Set Training
Fitness 0.22898056181240184