-2.40393097794195,-2.5559096589252652,-2.5181926074922156,2.672488697807939,2.6457023388724563,-2.2603115234973745,-0.5406464978336922,0.5467982434041403,1.0075600033574048,-1.449805924250912,2.7019078595691797,1.7445498767750927,-1.1441612232096758,1.3009558748286212,-0.11466814002495385,-2.2214237417241645,-0.1984156913007311,2.826333078910234,-1.563333887025472,0.5722245572788021,0.028723796850682604,-1.477363726633217,1.7473403573801853,-2.7083282127422406,-2.9617025833482957,-0.6508188020963801,1.6051484282463706,1.182571223217126,-2.063626290264209,2.747216947014535,-0.23612963614480487,0.23762966711839972,-2.847694276522615,-0.5804598482286893,0.23934729965616253,-0.1364889267202214,-1.6373399469550853,2.2241508139973574,-2.471759809064804,-0.5052392770784397,-2.777682551030784,2.1833548800768847,1.4906182982522447,-1.6807628379703172,2.267919912725562,1.795263344428447,-2.8800476536585444,1.9338415098833481
numHidden 	5
numGenes 	48
minGene 	-3.0
maxGene 	3.0
popSize 	170
maxEvaluations 	20000
mutateRate 	1.03
mutateChange 	0.05
seed 	1554927561241
random 	java.util.Random@76fb509a
neuralNetworkClass 	class coursework.ExampleEvolutionaryAlgorithm
Training Set Training
Fitness 0.19560338253943996