-0.8627544445937925,1.2288582073703886,-0.20024716231112366,-1.2951249041200972,1.276680461332782,0.5393447696428924,1.7425339933860475,-1.6558053823347685,2.135615480020093,-1.1350898068767452,-1.8382990765071017,0.3118991259517725,1.7169169724228126,-1.1094625614120952,1.59204461317182,-1.06862247461298,3.0,1.2732778141485601,2.620742303283421,-1.5486012169338945,-0.9213292245854598,-0.24818144620928162,0.5610658300347042,-1.8649045941157438,-0.1787459139822905,-3.0,0.21541062346748574,1.8143356965322937,0.5374115430354,0.42122180708243206,-2.1791194966475502,-1.5247271810365397,0.7300474922158211,2.28595398383875,-2.178474403088405,2.731677705105178,2.40493580020612,-2.6922134077272655,-1.7602328907998037,2.8703352079412427,1.434205232518887,2.3315682801376565,0.38504947226835895,-2.333074357401369,1.9620934320016559,-0.9603834249537857,2.3238282232362324,2.5089910369960835
numHidden 	5
numGenes 	48
minGene 	-3.0
maxGene 	3.0
popSize 	40
maxEvaluations 	20000
mutateRate 	1.03
mutateChange 	0.05
seed 	1554923809424
random 	java.util.Random@76fb509a
neuralNetworkClass 	class coursework.ExampleEvolutionaryAlgorithm
Training Set Training
Fitness 0.08728139925158959