2.6092489426634566,2.5558781634683934,-1.0784423420025933,-0.2749088769033734,-1.4877478702160245,1.728629126764253,1.6844210019653039,-2.379007150152725,-0.18540232454939654,1.9223889527523177,-1.854863073244592,1.9917850111685143,0.5741248765889031,0.8934525489320722,1.1518385579246795,-1.7246686867731498,2.6461677407908573,-1.9001589434039237,-0.5616927004925785,1.6033055294634746,0.23837675947509318,0.4273231767316954,-0.40381357445702326,1.876298894660053,-2.8033893732217487,-1.784172631418752,-1.4128057166985841,-0.06371539955425476,2.7466903218174474,0.15820351302120983,-0.9300665551249185,0.6378913120632217,2.5632916908179313,-2.9758432607564975,-2.193872498679962,-1.4054526078950573,-1.6287621040093123,2.2305292364571825,1.588851425078735,2.0376694872650685,2.8059384094605164,0.03497179473027634,-2.499444037495143,1.576673474160594,2.9687027784863176,-2.426599672105677,0.8614206436878034,1.6846998149093064
numHidden 	5
numGenes 	48
minGene 	-3.0
maxGene 	3.0
popSize 	40
maxEvaluations 	20000
mutateRate 	0.01
mutateChange 	0.05
seed 	1554917093182
random 	java.util.Random@76fb509a
neuralNetworkClass 	class coursework.ExampleEvolutionaryAlgorithm
Training Set Training
Fitness 0.22808825202463623