1.8633665340314511,2.957519653995891,2.8116542312696673,-1.1589729702646276,-1.0215057042204667,-0.22522409404918342,0.14882970076216573,-0.11688389791779485,-2.2291965882573153,-2.6599055554172297,-2.7970968703835037,1.6559937318180005,-1.9830636472486523,1.0613419698904316,1.8691886412668222,-0.5846625107908792,1.756376157573639,-1.1011144882914132,-2.9308804261719956,1.4195417204203622,0.6948383902839801,-2.9703184205228457,2.1740862511304027,1.0819275655696217,2.4681192359819804,-1.3721499750866804,-2.1416965800734387,1.4864755419500373,-2.3039728058576987,0.21625952181044994,-2.3000191345573078,2.1346977143119323,1.0196945558603572,-0.27079865618967336,-2.167503368085981,2.94555820548962,-2.4832577464872605,-1.4507254747010667,1.8671893854168928,-2.877846401042987,-2.9725629935414526,0.3421505789210091,2.166810677632295,2.5281554042895653,-2.9988438892268965,2.510934901198829,2.3436007074830405,0.6838201415421912
numHidden 	5
numGenes 	48
minGene 	-3.0
maxGene 	3.0
popSize 	170
maxEvaluations 	20000
mutateRate 	1.03
mutateChange 	0.05
seed 	1554927664865
random 	java.util.Random@76fb509a
neuralNetworkClass 	class coursework.ExampleEvolutionaryAlgorithm
Training Set Training
Fitness 0.15668263962075066