-0.5600534266493806,2.293586157442973,2.1555638241391115,-2.283097144123864,1.473683797385327,2.6102772276870807,2.888449320610693,1.1372701717198872,1.7405104078750364,-2.7325732904285016,-2.387382990474433,-0.21746980512260716,-2.841824917063584,2.1974273362586976,-2.1775240321674594,1.7140011103060369,-2.5344179454492783,-2.8465702209117234,0.6808510018088567,2.826298872720537,2.051526565117289,-0.5854681876609877,1.471211304657876,-0.8406513156674471,1.5875895636113624,0.5751392320090414,-2.6285177123208383,1.233624205827069,1.5679136674256426,1.1730789038714677,1.498845394874123,0.5645622905610255,1.3488173041045837,0.38564896340739985,1.0089088557389116,1.0804562786204492,2.958936994085363,-1.815097040613175,-0.9458760320450836,-0.5760090240309008,0.8158246632855493,-0.8069246015811373,-2.3847019795134523,0.060943529965004295,2.5376575799373926,1.0161603453088368,2.616545604314209,-2.249569047220973
numHidden 	5
numGenes 	48
minGene 	-3.0
maxGene 	3.0
popSize 	40
maxEvaluations 	20000
mutateRate 	0.01
mutateChange 	0.05
seed 	1554999260498
random 	java.util.Random@76fb509a
neuralNetworkClass 	class coursework.ExampleEvolutionaryAlgorithm
Training Set Training
Fitness 0.2758680868634362