-1.4207515507531816,1.67494876854769,0.3191563985663599,1.8974603920833255,-1.6887855600009194,2.9112217927395543,-0.7813525431377859,-1.145086808859719,-2.1472827428899923,-2.3860284921805874,-1.826430451500414,1.4077984932186602,0.06291617001098393,-2.3650162999187327,2.5195294149853185,1.821711533634888,-2.3481591976140193,-0.8336602931498409,2.2809559041655634,-2.8432267360953043,-1.6454634419877585,-2.5389971813272982,1.158431106686983,2.128085757928166,-1.3314231378658818,-1.071292224932327,-1.3007689855229054,-0.7781690189044914,-0.11757835057660948,-1.663903408336758,-0.7161717256213214,1.3496667676463394,-1.3329787054774165,-2.9431604703542487,-2.675220970038711,2.50962244359574,2.9854886592940906,-0.028220047073054477,-1.2244075802275254,-1.455261198228124,0.49558179083598874,-0.28906640267327344,-1.314154638650641,-2.8487501989046153,-1.0228361755185114,-2.5415243781351657,1.1149846921616495,-0.2138556593508385
numHidden 	5
numGenes 	48
minGene 	-3.0
maxGene 	3.0
popSize 	170
maxEvaluations 	20000
mutateRate 	0.03
mutateChange 	0.05
seed 	1554927795045
random 	java.util.Random@76fb509a
neuralNetworkClass 	class coursework.ExampleEvolutionaryAlgorithm
Training Set Training
Fitness 0.2200636616245048