0.4203060414283213,2.9552832707668912,0.8440428641012567,0.9412274605196851,1.9036674108207388,-2.949106025625566,-1.6329540418667676,-2.9839351421024247,-2.2065612892750366,1.1306372965892262,2.1229348578665013,2.7398127227773426,-2.9606772077655013,-1.7543465135797198,2.2684079734134546,-1.6049314148950538,2.3600779891832815,-1.9371875608356626,2.4930628711259537,-2.1650306881769117,-2.6124582832145045,-0.68930564452344,-2.8176000878251926,-2.486516969301685,-2.980258178403265,2.448499086267759,-1.3133864027087843,-0.5612050028532458,2.818975224980141,-0.8313365924001692,0.4206956704758609,0.5736518261638457,-0.44560059766715465,-1.9704880169804189,-1.4962020627093038,1.360826009605547,-1.8101411173772002,-1.3626862272565015,-2.4342787501696685,-0.3563409552307846,0.7563379088755786,0.3576650736889193,-2.7941755836680207,-0.719061666599822,-0.37539652814525315,1.5341629397390992,0.3845620768018998,-0.777838656211542
numHidden 	5
numGenes 	48
minGene 	-3.0
maxGene 	3.0
popSize 	170
maxEvaluations 	20000
mutateRate 	1.03
mutateChange 	0.05
seed 	1554927664865
random 	java.util.Random@76fb509a
neuralNetworkClass 	class coursework.ExampleEvolutionaryAlgorithm
Training Set Training
Fitness 0.22255779065390854