2.063178572656458,2.137032346742476,-1.4115540199961507,2.5061620178491353,2.8477078834231175,-2.4520649985174234,0.8962653317996727,-1.267420192416841,2.987794909763557,-2.266299355762091,1.4072698335410978,-0.6297987409876784,2.4358381918479033,-1.4744564871989372,-1.27543821844109,-2.00494707597369,0.7288532860570291,-0.5960038306081072,-1.4406434280598202,-2.738493412721552,0.6828303388920847,2.584937203931897,-1.3780211445311261,-2.968594096125032,1.1385557927634729,0.2624792504773126,1.5406115043362387,0.4671485638574975,1.6523954865105317,1.1692966355109222,0.7628171850718504,1.2092709770263568,-2.617047210636461,-0.8557223610916003,-0.028981681751941935,-0.7428757005631401,-2.2805620899087997,-2.6358253539986314,-2.9432013615018366,0.10678248941145885,-0.5699897077433791,-1.6997710536075603,-0.8499419365264709,-0.9266345045715751,-1.7217256870032207,1.302539485202745,1.5877247439292956,2.535509912840804
numHidden 	5
numGenes 	48
minGene 	-3.0
maxGene 	3.0
popSize 	40
maxEvaluations 	20000
mutateRate 	0.01
mutateChange 	0.05
seed 	1554999626382
random 	java.util.Random@76fb509a
neuralNetworkClass 	class coursework.ExampleEvolutionaryAlgorithm
Training Set Training
Fitness 0.2403858933787598