1.3560707354110173,-1.2788385246741212,-2.057239485321383,1.0033100364306078,-2.39279515433246,-0.40587412544777557,2.4226316422396703,1.8404109684580447,0.8632415736656429,-2.7047230485520375,1.263843000145057,0.3991147392414325,-0.23600363602920238,-2.559600529126451,1.575769512894202,1.0013340847007788,1.908794051931416,2.177708148516544,-1.2583723472968054,-2.7404117108618635,0.27217846531749856,-0.8183282686220337,1.0836542940463616,-0.09481323184827328,-2.5586391503740575,1.5767125858321744,2.648699430846813,-2.4834021303138414,2.840627486309044,2.107860936377854,0.12613246718801818,1.866443058466312,-1.4018375234318978,-0.6499500404695597,-1.256049423263905,0.17392396565375456,-1.6115214452414917,-2.090152349885524,2.0104581765572505,1.8053445991503283,2.4488791070632345,2.423033026242212,-2.6221276218613205,-1.0912484404249603,-2.9788868555353276,0.6885291520363541,0.30069499775630826,-0.9004247765231352
numHidden 	5
numGenes 	48
minGene 	-3.0
maxGene 	3.0
popSize 	40
maxEvaluations 	20000
mutateRate 	0.01
mutateChange 	0.05
seed 	1554999260498
random 	java.util.Random@76fb509a
neuralNetworkClass 	class coursework.ExampleEvolutionaryAlgorithm
Training Set Training
Fitness 0.2531417723712269