1.800832259736719,2.05497375250758,-2.269477808879524,-2.5263530712068114,-0.6838992640997379,2.0417551929657467,0.21970824549076662,-0.7756915471439148,1.8716387373848997,2.3854155483383206,-2.7474682096400893,-0.4157786537847592,1.7248594518612776,-2.1972869211917203,-0.639342982084679,-1.2716917484761536,-2.676748954671505,-2.499343392495839,-0.5583683727959521,1.915851806265234,1.3448350044457538,-1.8756374944092646,2.921740087745585,-1.3826828147909944,1.8042586575424515,0.6189179086370911,-1.2519916838629843,-2.665918330563449,0.7569320237901467,-0.12298239599029381,-1.5365476978257364,2.2592039562324064,-2.626149447546375,0.2687464193377691,-2.796358354701437,2.2457242218014644,-1.4125151904792934,2.0619929576164466,-1.775861446048483,-2.445152699757772,-2.8756510611683606,1.3415875355551652,-0.4726481062075827,1.5497187737398734,1.542594286064336,1.3223663078529277,-2.6961627661186913,2.8813631813994496
numHidden 	5
numGenes 	48
minGene 	-3.0
maxGene 	3.0
popSize 	40
maxEvaluations 	20000
mutateRate 	0.01
mutateChange 	0.05
seed 	1554999260498
random 	java.util.Random@76fb509a
neuralNetworkClass 	class coursework.ExampleEvolutionaryAlgorithm
Training Set Training
Fitness 0.22627353196464825