0.448559769287435,-1.3265860303372765,-0.4801788212120073,-0.1354772288489463,2.3683934207119783,1.0498429763783212,0.6426185237741411,-1.8038410643784522,2.989720481905204,2.2296279640621703,-0.9213344651732793,0.43326450550041473,-2.474097698616024,-2.4234787222133662,-1.0817079932919185,2.6250532509200992,-1.9102714884644003,1.0913637655099162,-1.5908395076103778,-2.6638631238165695,2.7088468948368254,-0.34410050546787474,0.8473020556667747,-1.6207807210517648,-0.920124916290197,1.868651982285856,-0.6866293741654017,-0.9394019774897542,1.9554246907643513,0.5853513816404483,0.034087547264393336,2.553891080738314,0.2516179628410766,0.5791324423587803,-2.0640476734208244,0.6638915951950182,-2.1554533205274726,1.2259612665328765,-1.5670934246348223,-1.9235648948570594,2.5924736138680124,0.7984820121364731,1.6517480379786553,1.2116512353750961,-2.623557136015636,1.8167075138382787,1.148700382012109,-1.9930455747189317
numHidden 	5
numGenes 	48
minGene 	-3.0
maxGene 	3.0
popSize 	40
maxEvaluations 	20000
mutateRate 	1.03
mutateChange 	0.05
seed 	1554923809424
random 	java.util.Random@76fb509a
neuralNetworkClass 	class coursework.ExampleEvolutionaryAlgorithm
Training Set Training
Fitness 0.29008436130188436