-1.68436272581544,-1.577746252542536,-2.474644207605922,-2.6381386879514204,2.2217605730288943,1.263499617878761,-1.448486644925253,0.21265299674371185,2.98584263362103,-2.4838015952053176,2.5110346980418994,1.0682006496288325,1.7102691971442852,-1.5380181401136137,-1.5206576611084377,2.7223354712489307,2.2408180509682714,2.66614739293947,1.6752610425202556,-0.4074500186476029,2.4693296990947644,1.2218659358492658,-2.097655437468421,-0.5184523743169396,1.4878944508743022,-0.7186232540389312,2.8062871918515153,0.2024072740533489,0.2771088662293728,1.8863124995873308,0.3174970843667002,2.6644695394315017,0.2183823490998118,2.8885994306528833,-0.5259132434022189,-2.2349012841218068,-1.7348081470328678,-2.029829124435711,0.5842001444831899,-1.3819779901073779,0.09060783917322457,0.42403189403266284,0.38777449016928767,2.2719915288781207,2.948334220466024,1.4510078119341863,1.5165012723072557,0.13406635136002976
numHidden 	5
numGenes 	48
minGene 	-3.0
maxGene 	3.0
popSize 	170
maxEvaluations 	20000
mutateRate 	0.1
mutateChange 	0.05
seed 	1554928056301
random 	java.util.Random@76fb509a
neuralNetworkClass 	class coursework.ExampleEvolutionaryAlgorithm
Training Set Training
Fitness 0.23565681354175042