0.187220124403495,-1.7644521727437268,-1.2084017773964615,2.888999868163876,2.3981913853313843,-2.876840402953956,2.196051064252167,-0.22873286792201686,2.252440922690459,-0.6781782348689536,-2.8787328020151155,-0.407057522997766,2.754188898762594,-0.6392432874940033,-2.294698061875917,-0.3261001486561814,-2.36220020640065,-0.7510733460531656,0.26875303001169293,2.7657375492835143,0.6710415022645888,-0.7151676010363888,-1.9468166331429617,0.5748401548348854,-2.759232692287698,-2.476341299976308,-2.211432056631124,1.6326987091897607,1.380139191656311,-1.0470252303584504,1.5604060289520651,0.7746569423630385,1.2539334683778538,-0.5425043953733972,1.5233123019288657,2.486302156279451,1.9133915812481117,-0.8797941905586173,0.021574073567265373,1.8122611770235144,-0.1355014311029752,2.311445969306461,-2.371669349533368,-1.6047853532448317,1.6634983069480302,2.3593560289084277,2.503706064900646,-0.47651707088274975
numHidden 	5
numGenes 	48
minGene 	-3.0
maxGene 	3.0
popSize 	40
maxEvaluations 	20000
mutateRate 	0.01
mutateChange 	0.05
seed 	1554999626382
random 	java.util.Random@76fb509a
neuralNetworkClass 	class coursework.ExampleEvolutionaryAlgorithm
Training Set Training
Fitness 0.28910244875720886