-2.12321733784081,-1.217832757424709,1.613228193967058,0.533927622466285,0.5462177182139996,0.0805005175634757,-2.8088281400315234,1.2670065712577745,0.9435530362924777,-0.6155318621547642,2.170635430697682,-1.6624968866337064,1.3477227538780892,-1.0083660125139273,2.190308212783512,1.7489745196440174,0.3694213201921651,1.0398700389526088,1.5912414853482695,-2.2360840645132267,-0.4122693632530096,1.8025064314807147,-2.231218369965661,2.889697068387236,-0.3671827733664568,-0.4594939316513838,0.1430090938410195,2.81492688859734,2.050355497673572,-1.3282503026114452,0.4246652979250304,0.46373295379116763,0.33000631317425605,-1.2861407744827302,2.099016161772181,-2.892279184019647,-0.5962686096767633,-1.9780039414255173,0.3241653614090475,2.5690649090915247,-2.7124755636499223,-0.4162758494584228,2.605290195913628,-3.0,-1.9081774909487192,0.272807541607509,2.3393765726348468,-1.0510641794609754
numHidden 	5
numGenes 	48
minGene 	-3.0
maxGene 	3.0
popSize 	40
maxEvaluations 	20000
mutateRate 	0.01
mutateChange 	0.05
seed 	1554927333512
random 	java.util.Random@76fb509a
neuralNetworkClass 	class coursework.ExampleEvolutionaryAlgorithm
Training Set Training
Fitness 0.07411045134512939