-2.771675522907128,-2.0805095939443543,0.8718828878612541,-0.9645265760122443,-2.9956965049092226,2.025158435231038,-2.707014360924803,-0.35986919479959933,-0.0907801047733523,-0.34029037693404707,1.5944687881726924,1.735504131994758,2.1414256410789942,1.933016226171218,0.3145589980249479,2.815288557039233,-0.8628744355135711,-0.5232962550603828,1.1403886397140814,0.16598571203574064,-0.3490662783831304,-1.2469503695677366,0.7472047209487345,-2.0198693858834336,1.129107363415205,1.347888874199926,-2.9840844388920456,-1.2550016818094007,-0.762298708022445,-1.8731414831270803,0.05274491935424441,0.24608441563290562,2.7653081428587747,0.6636157783355716,1.01093226349193,-0.977296601173189,-0.5850275871659996,-1.6845493805630136,1.2280897122991519,1.048589557003897,0.23228712794904283,2.726023772648893,0.6439974954661176,0.7834380780707821,2.5866044212035417,2.3767453801482388,1.8522946657492154,2.551866873106454
numHidden 	5
numGenes 	48
minGene 	-3.0
maxGene 	3.0
popSize 	40
maxEvaluations 	20000
mutateRate 	0.01
mutateChange 	0.05
seed 	1554999626382
random 	java.util.Random@76fb509a
neuralNetworkClass 	class coursework.ExampleEvolutionaryAlgorithm
Training Set Training
Fitness 0.20958913670734702