2.335729762638425,2.669154530348947,2.350601558847545,1.5125704907795532,1.6338928854748036,0.11046972481315981,-1.2772853534043167,-1.3889636676015593,1.523883743055205,1.3036798506180953,0.5020242973294817,0.7042681732324124,1.2002209790943497,-2.2023800674003526,0.9953327460432686,1.4760386567569797,-2.5042365355118887,-2.016266850692774,2.768904068327235,0.3912015871491315,0.4069139465909307,-0.07166967116096855,-0.19649634145415903,2.855144593018546,-1.6826495970571727,-2.704461838244806,0.6352254392961418,1.0951629068251236,-2.680704210479926,0.45457304346594146,-1.1370839753177409,-2.0716961314618,-3.0,-1.2724758228913213,-1.6829917065270974,-2.7092897661961572,0.6893765761154733,1.2398022085035987,1.3193033432723458,1.5558368099280873,0.7363853430414953,1.1905845195809637,-1.9270740772500394,-1.356253124613519,2.569468814369437,2.1536198132558466,-0.8945499365819721,-2.5708849911878415
numHidden 	5
numGenes 	48
minGene 	-3.0
maxGene 	3.0
popSize 	40
maxEvaluations 	20000
mutateRate 	0.01
mutateChange 	0.05
seed 	1554573202829
random 	java.util.Random@46bab910
neuralNetworkClass 	class coursework.ExampleEvolutionaryAlgorithm
Training Set Training
Fitness 0.10148359736925444