2.3094318311601105,0.18467073901811348,-1.2337202123151843,0.9199780655481078,-1.3983456091606707,0.9609855862447079,0.4496744624292397,-2.185525258681341,-0.4696047184393404,-2.2229373515041253,1.927838674895094,-1.8601502117571345,-0.3650921309842068,-1.7968283724595124,0.09045795915761268,-2.05200046580347,-0.7522809132994759,-1.1748185963753808,-1.752710668283147,-1.214400096409206,2.6997611645645048,-2.9544334099444547,1.9342024959024062,-2.081781268702578,-2.295581417096338,-1.3070486022419963,-1.5258451446789223,-0.5456330274688161,1.077899031934523,-2.063042091313763,2.1721906097574655,-1.8573801589827614,-1.806425797437559,0.22973257185616536,-2.3924629878359434,-0.06669832421670563,-0.004333569086502287,2.907633655083326,-2.742643744975684,2.4020834298988563,-1.9871036961309403,-0.31382514962137975,0.6456950474978234,-2.17379472490189,0.6154373177986443,0.5684267642267793,2.3576595858604588,2.0848921159591356
numHidden 	5
numGenes 	48
minGene 	-3.0
maxGene 	3.0
popSize 	40
maxEvaluations 	20000
mutateRate 	0.01
mutateChange 	0.05
seed 	1554999260498
random 	java.util.Random@76fb509a
neuralNetworkClass 	class coursework.ExampleEvolutionaryAlgorithm
Training Set Training
Fitness 0.15857728350189196