0.6409930207599416,-0.1264850887803648,-0.9541878530900615,-1.4380023560690725,-1.5984709672551942,2.1270096885095566,1.410886048544101,2.969608359420281,-2.77920494898132,1.6813020745482177,2.017898685963376,-1.1911120844702503,-0.24747972168844065,-2.480410120828141,-0.2501176665256663,0.5572551927457914,3.0,2.8607714858612536,2.2699382941185102,-0.8940677162547856,-1.4699970729917895,-1.2432104945037548,-1.3436362565311506,0.9141690771003093,-2.6332434176018302,-1.4159621177053499,2.7196241645540487,-0.8370097460372197,2.6468281766046102,2.9371799652998996,-0.6681879756733117,-2.8796071809255284,2.715410227512511,-0.31873172810999456,2.2086186070614446,2.0649357407022144,0.3598120589553989,-1.2618848129480689,2.865569405516831,0.47413925004828494,1.0071312499257215,-1.2614829873903997,2.459908761356984,2.579879648056485,1.2143125609041745,2.993343437203964,0.7153322940354176,0.19398289910457042
numHidden 	5
numGenes 	48
minGene 	-3.0
maxGene 	3.0
popSize 	170
maxEvaluations 	20000
mutateRate 	1.03
mutateChange 	0.05
seed 	1554927664865
random 	java.util.Random@76fb509a
neuralNetworkClass 	class coursework.ExampleEvolutionaryAlgorithm
Training Set Training
Fitness 0.1265470218242988