-2.3271315861528103,1.0961395858633374,0.9029991668359814,-0.7737273211264446,2.0318277017073285,-0.4188138424651746,0.48704307044064254,0.807878420994979,2.360339490465563,-2.901564293016455,-0.023489418287264918,-1.2017018294224204,-0.9472810320460381,-0.6046843169557619,-2.27797031124394,-1.6674102045651025,-1.988034038090176,-2.9776107172895676,-2.753562167282749,2.2060882201640704,-1.3412538097817293,-0.6036551648639392,0.23911082941853623,-1.1133973179459125,-2.439349980775308,2.8971880885982166,0.6950731419764828,1.3682779658760404,-0.9006112040445702,1.073058301788226,1.8772948411067985,-2.1815228765428323,-1.4630458917441576,-1.9211689883639818,-0.6823086859602978,1.3655232706365874,1.4726208836360621,1.7149007341264442,0.29694818492680586,1.9591247486303898,1.0010368880395415,-0.13972888035897313,-2.844591761936715,-1.9932085957691967,1.8874991844584414,-0.2906842731404522,2.3868601676804433,-2.551464204918671
numHidden 	5
numGenes 	48
minGene 	-3.0
maxGene 	3.0
popSize 	40
maxEvaluations 	20000
mutateRate 	1.03
mutateChange 	0.05
seed 	1554923809424
random 	java.util.Random@76fb509a
neuralNetworkClass 	class coursework.ExampleEvolutionaryAlgorithm
Training Set Training
Fitness 0.28910244875720886