-2.6602025364865094,-1.2042050908305397,-2.811541879209848,2.7540468220271936,0.6356384005676432,1.796394507248153,0.3683561360779528,-1.5970610370012965,-0.1897178317943249,1.5160773676764805,2.189014995726115,1.0358881840545626,0.47472391094221456,0.8215666137432764,2.7585665391004968,0.007537225600482422,-1.9467152463287163,-0.2635648529843184,-1.1336452321601538,-1.939927100673995,-2.7370592712982598,1.4805647466901917,1.7653504560896156,1.0825393009375723,-0.6898647018527404,1.5981035522808664,-2.1954155249312146,1.172000614321032,0.5110656797536142,0.6470065987929079,0.6791188748432622,-1.5704070681774183,1.3988606465702942,-1.5474607249695742,-2.3587579960211924,-0.5774379212519856,2.6759868446612103,0.8939200987346267,2.5302513807340627,-0.8210790813075928,-0.39735865396809444,-1.4024206285761107,-0.07064553182116118,0.954413474922053,1.5818142388489145,2.752301305914033,1.146894228942653,-2.177981228062194
numHidden 	5
numGenes 	48
minGene 	-3.0
maxGene 	3.0
popSize 	40
maxEvaluations 	20000
mutateRate 	0.01
mutateChange 	0.05
seed 	1554999626382
random 	java.util.Random@76fb509a
neuralNetworkClass 	class coursework.ExampleEvolutionaryAlgorithm
Training Set Training
Fitness 0.24334930051757478