-0.7432027006934305,-1.9284893277575477,-1.5512742563086417,2.9339886406560858,-0.4413832745131012,-2.6346494483442866,-1.7012628788447175,0.17610837984617023,2.4326036815332452,0.6517542250177728,-0.877567982639829,0.7587953715181541,-0.328004752880513,-0.8205669480172162,-0.8307849305718831,-2.8030327758198585,-1.1259190991089636,-0.06025243496427013,-1.303647807946081,0.961975131544861,0.9416918026555194,2.256989679364274,-0.8041189335538395,-0.6812776889615204,1.1298130556812955,-1.8606482279754522,0.8520388476633669,2.4992457753521355,-1.236515228261293,-0.3939024709651546,-0.4229481644994859,-0.7953597979407414,-2.0066199902613757,1.431059705487181,2.557107104419126,-0.2544296929866108,-2.616807168452337,0.6546978349078421,0.01181581389896369,-1.8625315630490724,-0.2618039372642085,0.8165603607843694,-1.1705386203955825,1.1598808712848925,-0.612932488293739,1.1471017941178694,-1.1131932775961004,-0.22971913714737413
numHidden 	5
numGenes 	48
minGene 	-3.0
maxGene 	3.0
popSize 	40
maxEvaluations 	20000
mutateRate 	0.01
mutateChange 	0.05
seed 	1554999260498
random 	java.util.Random@76fb509a
neuralNetworkClass 	class coursework.ExampleEvolutionaryAlgorithm
Training Set Training
Fitness 0.2518800747511178