1.2445150952117707,-1.9073426578683967,2.2957763635291464,1.958708471456819,-1.5623139227034293,0.13880898888521553,-0.37163178752618276,1.0405377851469542,-0.8625170877145036,-1.52728278002625,0.20743186024996785,-0.03510110547088541,-0.7776403203093816,0.6757416122589444,-1.9145599128037332,2.692312548837852,-0.780290074480908,2.397946579990343,-1.9110296157181639,0.12974761918037325,1.4279277780403703,-2.725090104603132,-1.2615208218916965,2.9533189338783457,-0.9657300410567791,-2.3433368889273845,1.4995406039507966,-0.2154073162380623,-1.4092351634562834,-1.471902582442796,-0.7106833500958869,-1.4402104584482067,-2.432168911730825,1.5294650568196086,-2.2618006061812963,0.4292301183351137,-0.9998040846456817,-2.047595947011091,2.2202336082288667,1.4599091883688704,-2.527879480057843,-1.0087902347942475,0.1171039690421547,-0.21286643706871544,2.858864628023545,0.3708746372081402,-0.830857671449694,2.6717076838322837
numHidden 	5
numGenes 	48
minGene 	-3.0
maxGene 	3.0
popSize 	170
maxEvaluations 	20000
mutateRate 	0.1
mutateChange 	0.05
seed 	1554928056301
random 	java.util.Random@76fb509a
neuralNetworkClass 	class coursework.ExampleEvolutionaryAlgorithm
Training Set Training
Fitness 0.1638451576515398