-1.3344103612137432,1.3003002327162578,-0.8666674152360665,-0.08623573587019084,0.5641106138588485,1.1756425910224237,-2.9893180329910773,-1.399067955126034,-0.5309191058115292,0.07503120897251314,-2.0898856685598854,-1.8751612927474988,-1.378920928036114,0.2398523148637639,-0.39086257417641157,0.8246414545182872,-0.5702198457720451,1.3224356290050983,2.85024653443147,2.812500863036651,0.9710825613416691,-2.144228978448927,2.7603676817249774,-1.583094480619257,0.07445937932578328,1.6683515641508357,-2.9649441751897787,-1.3063462677338216,-0.28761470847738924,1.3324643599447965,2.2545717192970685,1.3965186004938657,-0.5513851273362014,0.45103853229963065,0.9626372015468725,-2.5148263430167055,1.6845090149198514,1.7424673985050951,-1.660161298822483,-2.628999521891869,-0.6374717164357975,2.474609274956687,0.44232209002168776,2.6619495638671467,2.6434325555206772,0.8284748543450164,2.052589993844583,-1.8343319531087814
numHidden 	5
numGenes 	48
minGene 	-3.0
maxGene 	3.0
popSize 	170
maxEvaluations 	20000
mutateRate 	0.03
mutateChange 	0.05
seed 	1554927795045
random 	java.util.Random@76fb509a
neuralNetworkClass 	class coursework.ExampleEvolutionaryAlgorithm
Training Set Training
Fitness 0.17020974690784002