-2.3696528377000674,1.0083716493473718,1.0365890809937868,1.9961143843366287,-0.24600883352132358,-1.3266598495839719,-0.8346072084741429,-1.6316474834369608,2.5098628130230027,-1.3923982533997152,3.0,1.1135282106375297,-0.5808807821906297,1.6981515565058911,1.928901701722097,-1.6604754093786083,2.4710347639430896,-2.584958824919873,1.9497900795191765,1.9368133007765296,0.673598362200921,2.6933469458642967,-1.958646570774158,-1.0771346775189377,1.8328396330019514,-1.1642491653526996,0.8097737081645557,1.437500125326016,0.017873429162454046,0.7591627614255249,-0.4873500212740729,-1.5592316311427525,-0.2830896314947975,0.5848956547502454,1.724781558366205,-0.6183281624319942,-2.8549591311419134,0.8261901599569628,-2.484464904161424,0.9137138578680126,-2.243366667042789,0.9060486647663255,1.3549320776344578,-0.058460828420149435,0.18009165844026417,1.197399281712425,-1.715607910776279,1.7503819170647048
numHidden 	5
numGenes 	48
minGene 	-3.0
maxGene 	3.0
popSize 	40
maxEvaluations 	20000
mutateRate 	0.01
mutateChange 	0.05
seed 	1554656195528
random 	java.util.Random@3e052d15
neuralNetworkClass 	class coursework.ExampleEvolutionaryAlgorithm
Training Set Training
Fitness 0.1167421862071624