2.7895204753760567,-0.4919692516043468,-1.4353886655961732,0.250794689821378,0.07497583425560447,-0.6559589536470395,-0.8800832351631888,-2.9774246708038166,-2.4566267652432745,1.341497004685147,-2.5952348525568936,1.876251468528996,-0.42324366135057734,-1.3674423244396914,-0.1294307118877412,0.977394906023298,-1.8189727970175895,-0.5859039121096061,-0.8664280676008621,-0.09955016820469507,1.62515250820703,-1.4970355489631428,-0.31323324809206987,2.9611120659735066,0.6389002385597546,1.227321823485725,1.352318864409184,-1.8973613520256498,-0.6052833558386705,1.6670661063379626,3.0,2.885385608165718,-0.2070107342565924,0.9111881325563981,0.30719962486141683,-1.4574318472074126,-1.8063536310110304,1.4160328748224322,-1.3337256767072885,0.08043709224059345,-0.7094779387514271,-1.5474964622840521,-1.7885937733855304,2.765244026515565,-1.3583965798186775,0.9077377465771013,-2.282698513693469,0.1040284399926934
numHidden 	5
numGenes 	48
minGene 	-3.0
maxGene 	3.0
popSize 	170
maxEvaluations 	20000
mutateRate 	0.03
mutateChange 	0.05
seed 	1554927795045
random 	java.util.Random@76fb509a
neuralNetworkClass 	class coursework.ExampleEvolutionaryAlgorithm
Training Set Training
Fitness 0.11760571619412993