-0.6202735187814197,1.1801225940358204,2.71008873191127,0.8455929342491131,-2.003296995479338,-1.2328631937400183,-2.0985019998513135,-0.2601304972370051,2.511419256732127,-0.6884770972188612,-0.09959761243379717,-2.305613285136812,0.11276411456436364,-1.1811716892120971,-2.982230673554559,-1.8663958055850423,0.922105794450431,1.2927392697064892,1.4528149448166348,-0.3306839218479629,2.7156195944293398,0.8651734581099721,-1.8859549848555421,-2.7018648022009955,0.34848132056648407,0.39457875100791284,1.2103656991583458,0.8382741636706541,1.8977081170998087,1.263578351903809,1.1007306202212126,2.3631253035818807,-2.7193320990861674,0.8317122316702932,1.9747715658486538,-1.792489361433149,1.0340109661204595,-0.5888667884767629,-1.7916533027201202,1.6283245265548478,-0.9469908998249119,-2.267273273545276,-0.303076509741941,-2.6053432519654067,-2.6059723202243683,0.6572306657721598,2.1161975064940926,1.4633402027103823
numHidden 	5
numGenes 	48
minGene 	-3.0
maxGene 	3.0
popSize 	40
maxEvaluations 	20000
mutateRate 	0.01
mutateChange 	0.05
seed 	1554999260498
random 	java.util.Random@76fb509a
neuralNetworkClass 	class coursework.ExampleEvolutionaryAlgorithm
Training Set Training
Fitness 0.29918538201821815