1.8224331998036316,2.768766933045989,1.9955469403923969,-2.3334483813101734,1.573768627268798,-1.4098839380442325,1.193090492099195,-1.8292698682476032,-1.3829315430458529,-2.093131584022879,1.3262727420734288,-1.212145601259419,1.0458427080905484,1.7774895201735585,0.45214150056686275,-2.5857558131341394,1.8235509003819512,-0.6482292543956398,1.9673254016995685,-2.582899721960449,0.0809652135736676,-2.032456075685398,1.9782790376772788,-0.03651218742316775,-0.5184763742450444,1.4440953390264735,-1.125257024249154,1.9163491393143763,-1.2784906506179885,-2.3164540530803075,-1.3667864007038761,2.2047128437051606,-0.23881517784612782,-2.732362924411201,-1.1247384461661054,-0.12981495605478965,-2.6501928660152005,2.2510320484685193,0.6410906523142406,-0.7757666608480767,0.81175171697457,0.8034159554575231,-2.788230860777065,1.7206936647275537,-2.097238068132486,0.741349870285199,2.1241170851660094,-1.7446461950684449
numHidden 	5
numGenes 	48
minGene 	-3.0
maxGene 	3.0
popSize 	170
maxEvaluations 	20000
mutateRate 	0.03
mutateChange 	0.05
seed 	1554927886711
random 	java.util.Random@76fb509a
neuralNetworkClass 	class coursework.ExampleEvolutionaryAlgorithm
Training Set Training
Fitness 0.19302590050470303