-0.7901640756473132,-0.1028397904328413,0.0712639540353246,-2.0542012813637247,0.27481941221915784,-0.04070429025261868,2.7608201164536776,2.3927195096205978,0.4122820326642893,0.7400196531037739,-2.675585676240336,-2.6183953102994684,2.2739097298776896,-0.799422878625482,1.4733844226856672,2.4343682602930574,2.481041776722911,1.51098159900903,0.8997269460431987,-0.0771275444928623,-1.8058296804326373,-1.6102668624048273,-1.7496805406288867,-1.0041119964753598,-2.9151126812104895,1.9691999238105957,-0.005960997786757183,-1.9243687324769279,-2.7663422741388963,-1.0150577368294316,2.594802613050782,-0.3647549061482951,-0.2595344738867835,-0.22719603132863675,0.3859757170035927,1.1228836700012401,-1.963446316584574,-0.31935499357643016,2.4615181951284555,-2.510139217183057,-1.9758505009945657,-0.9378670470932913,2.7566572133772844,-2.1903835511145955,0.24724032593830936,2.0180616987165356,0.2858003816149228,0.9410534344242163
numHidden 	5
numGenes 	48
minGene 	-3.0
maxGene 	3.0
popSize 	170
maxEvaluations 	20000
mutateRate 	1.03
mutateChange 	0.05
seed 	1554927664865
random 	java.util.Random@76fb509a
neuralNetworkClass 	class coursework.ExampleEvolutionaryAlgorithm
Training Set Training
Fitness 0.1702829689958262