-0.3806764395638105,1.3848253204308554,-0.6880497400677634,-1.4475501558389106,1.441310518895257,-0.9647292291595804,-1.2449579025813264,1.1149212533324775,-1.9900064799045796,0.9029665001344966,-1.4838461727737295,2.1193388186194424,-2.59502407657022,0.6946957250516848,1.463941126349952,-2.283738302751429,-1.831796239830499,2.9052866068076124,-1.716870957063812,-0.16182827972179226,-0.8465870963611515,-2.7806240515919516,0.7989184449891233,-2.6320329606115633,-1.8131916670129045,0.8454215728567469,-1.25483761378718,2.953052913393817,2.2449676208898843,2.255047112633049,-2.2561718314911245,-0.10192499526880949,-2.7866139973373176,1.3301002880821597,-2.1605638349248775,0.0673859602382203,0.5839997580566898,-0.11339933391705781,2.4458331722026525,0.6638823738169561,1.682446204059918,0.9490526124985283,1.0138368347544873,-0.8761008467201461,-0.8142566591801463,2.99039250660301,-0.883047566904569,-0.8216080843702493
numHidden 	5
numGenes 	48
minGene 	-3.0
maxGene 	3.0
popSize 	170
maxEvaluations 	20000
mutateRate 	0.1
mutateChange 	0.05
seed 	1554928056301
random 	java.util.Random@76fb509a
neuralNetworkClass 	class coursework.ExampleEvolutionaryAlgorithm
Training Set Training
Fitness 0.16954619699693999