0.3622374226637932,-0.3161801107765836,1.4607341334610116,-0.8815258492696403,1.236578803579551,-2.2681721178322474,1.6764180026078952,0.8132060487297563,2.8134046058463458,-0.9028222989407118,-2.58030320093354,1.041399938712968,2.2611282772159322,-1.3942725716566504,2.036925892027578,0.993760247912534,2.031942923275632,0.5621385457218553,-2.3766887703151247,0.06760195658209067,1.7463582416275205,2.66767897203123,2.5935118358078384,-0.8528666992022766,0.7708977703645399,1.2070367367789618,1.1653412721081011,0.2933428561484557,2.3931902338495696,-0.7073421902388106,-0.8557968492344967,-2.111158146575928,-2.5501358294234664,0.8281667262623014,1.0658159878706135,-0.3751950290284558,1.151324352785931,0.1629795136077341,0.3622057140439048,2.496456130046659,1.6736620373218116,1.158259392083707,2.760865890388267,-0.8096646870880075,-1.1483773471273204,-0.43008094621260273,-0.39059182741883713,-0.09911433402782599
numHidden 	5
numGenes 	48
minGene 	-3.0
maxGene 	3.0
popSize 	170
maxEvaluations 	20000
mutateRate 	1.03
mutateChange 	0.05
seed 	1554927561241
random 	java.util.Random@76fb509a
neuralNetworkClass 	class coursework.ExampleEvolutionaryAlgorithm
Training Set Training
Fitness 0.1728214630315355