-1.950555639895095,0.6601692957173526,2.920273542079853,1.6270903129920926,-0.328726583722164,2.3470693022705937,-1.1919362588007232,1.8652165878675895,0.08183906543895958,-1.9240311090508373,-0.033474241219706435,2.3019626023178494,1.8457695937945502,1.8874831617963874,-2.1439967299164797,-0.4462570462014388,-1.1853202814723303,2.0358154243772084,-1.4238562361405067,-2.311960599465027,-0.8285388065759225,-0.35210459140677663,2.0915076261186423,0.09830356609747692,-1.3278424959908985,1.9442807992689808,-1.4373089413855895,-0.4300103281183558,-0.7515525993008865,1.4831914367920636,0.32000938291719905,-0.2284569869766342,-2.8838155092308564,1.0433345305697141,-2.78203893777139,2.5272158952521524,-2.544638979591861,-2.6470198918861563,1.2473659313024354,2.7891313701058094,-2.4157126499111268,1.902042934558013,1.3582396366875136,-0.7759400040970741,-2.654301798567078,-0.45927712185362335,1.4601422249284859,2.765923969116053
numHidden 	5
numGenes 	48
minGene 	-3.0
maxGene 	3.0
popSize 	40
maxEvaluations 	20000
mutateRate 	0.01
mutateChange 	0.05
seed 	1554999786510
random 	java.util.Random@76fb509a
neuralNetworkClass 	class coursework.ExampleEvolutionaryAlgorithm
Training Set Training
Fitness 0.23382642481120772