-1.027221319220124,-0.07615484161732633,-1.646208504397353,-2.0391834086814002,-0.32855377924844165,0.37281921270104945,2.6612151160239446,1.5272364167879324,2.3222473273783812,-2.867259558677051,-2.292740023448639,-0.744114371952378,-1.3684185720757145,0.19025886084726196,-0.7392234451808255,1.059719049138934,-2.1449369059141326,-1.4167344589214848,0.07304972157455136,0.7445057752549316,0.8371116258424189,-2.4646900565475622,1.7266372940048864,0.7916308993010879,0.8008616218093518,-0.8111067032377273,1.4862073608023696,-2.5371152769604173,-1.7610857752768918,2.086501689095792,-2.124080062015101,0.14856831156160233,2.237881484784774,2.7025394271863137,1.9090747991593657,0.0032857814560562915,-2.510412730113805,-2.0788760883838515,1.0344169952585585,0.47434242237019664,-0.900781413151627,2.383994745070714,-0.06033731656629726,2.325717737828035,2.0956388752089232,1.099590627775057,2.366484356647314,2.1961227571290873
numHidden 	5
numGenes 	48
minGene 	-3.0
maxGene 	3.0
popSize 	40
maxEvaluations 	20000
mutateRate 	0.01
mutateChange 	0.05
seed 	1554999786510
random 	java.util.Random@76fb509a
neuralNetworkClass 	class coursework.ExampleEvolutionaryAlgorithm
Training Set Training
Fitness 0.2596131379966383