0.7740685542686312,-2.4342149957820904,0.8987482093736334,-1.0484464883945224,1.2074544318573421,2.7174181130958637,2.7667779836669766,1.853054810125145,-1.5917995755498495,1.4584784738093282,2.0221176544804376,-2.6977165511105228,1.0373926964430114,2.6327905242345206,2.210585605340307,-2.9113913871940413,-1.3325215143110125,-2.2121619009867937,2.3367718895815557,-1.6322994018954062,2.5836690692188604,-2.4625492288249218,-2.9499691201896434,1.9544237229927388,-2.032824112491509,0.5121824808215956,-0.9747358225401008,1.7358590006072276,1.2263338563992026,-0.5733860739400392,1.9520095100963868,-0.7829080563849065,-1.8540411546598623,1.7439906893461181,1.418393870408659,-0.11767901320268148,1.8670880819161209,0.30727401634752294,2.287059212422367,-1.3387339770698308,2.4885434543393536,-1.8681429811676964,0.9082137428148291,-1.6642261911731562,0.29855978339018874,1.3188686717935028,-1.2994906356964628,1.2039466456091112
numHidden 	5
numGenes 	48
minGene 	-3.0
maxGene 	3.0
popSize 	200
maxEvaluations 	20000
mutateRate 	0.05
mutateChange 	0.05
seed 	1554929391847
random 	java.util.Random@76fb509a
neuralNetworkClass 	class coursework.ExampleEvolutionaryAlgorithm
Training Set Training
Fitness 0.22421437831157168