-0.7498897651403116,-2.3371678714012747,2.6790257560950623,1.5535918400302524,2.6997575661178024,-0.1809646209568676,-2.7494008174296782,-0.5891012668626825,-0.9990626258835151,-2.41617692442774,2.5522080553544306,1.148219303566286,1.5617584239760518,2.5842838553385246,-2.3554135137698062,-0.4916560861688266,1.0475042654367819,-2.0371920972595685,-1.9567922634441663,-0.4291866189196192,-2.447051403564192,-2.777004095771085,0.6896558838590154,1.0822101059280502,1.450893191717503,1.2067904188824325,2.63410034335005,-1.1228864002545724,-0.1348924142877319,0.10560437955283275,-0.6864203353574867,2.1274544908018385,0.8232758313142687,-1.312491305159519,-0.3630312800203974,-0.5939551938483341,2.1904741470825506,-0.3606491325745558,-0.6488212119321952,1.235610716978531,-0.533874888160867,-1.9230409779468491,-0.6356882374690334,0.9176997582663677,-2.552700017102236,1.86839635788147,1.84015795483168,-0.003616935819799494
numHidden 	5
numGenes 	48
minGene 	-3.0
maxGene 	3.0
popSize 	40
maxEvaluations 	20000
mutateRate 	0.01
mutateChange 	0.05
seed 	1554999626382
random 	java.util.Random@76fb509a
neuralNetworkClass 	class coursework.ExampleEvolutionaryAlgorithm
Training Set Training
Fitness 0.16349286166836294