0.17843278655603179,0.9748442870720844,-2.034551694873067,-0.2919568592607429,0.0708192974656372,1.8162524230136263,0.9707877195864643,-0.07011905398225338,-0.35790075081703776,-1.5840311628242092,0.1575159810914495,-0.09254013640232905,-1.5333340343747122,0.5669066722270273,-2.248185034908916,-2.6662359185511573,2.3605694471481327,1.5014065427230445,-2.238158035013221,-1.8950590722827998,0.5894504456750864,1.6624705873029688,1.940004848380509,-1.5919075403126282,1.4575770019818393,2.110781592194222,1.1150775972767342,-0.5656758155858475,2.2080972902854246,-0.6766927636516096,-2.90326789437227,-0.418751654437024,-1.681079484236833,-0.6595416722845684,0.4781093165785997,2.929059808545021,-0.12956611778387916,2.3574444441885793,0.22259787011323695,0.6317258138776625,-1.3094385809572826,-1.0683604248468084,1.9190379262344948,1.6597509353926885,-2.5505322379533055,1.991444551557855,-0.9748876584005153,1.0634029856382679
numHidden 	5
numGenes 	48
minGene 	-3.0
maxGene 	3.0
popSize 	200
maxEvaluations 	20000
mutateRate 	0.1
mutateChange 	0.05
seed 	1554947641351
random 	java.util.Random@76fb509a
neuralNetworkClass 	class coursework.ExampleEvolutionaryAlgorithm
Training Set Training
Fitness 0.15098829485196422