-2.8773620258468746,2.8746733291683544,2.0381310448986687,2.1072521557779256,-0.9901525941951208,0.8400865251034864,-0.5565519441300966,-1.141028038833771,0.08105103350373355,0.565081695731827,0.18297746565886674,-1.1857160279168784,-1.422099820887996,-1.1346954190446512,-1.9026738803886285,-0.610618499570605,-2.7995034190472974,2.753146972083184,2.061598722785549,-0.8227291313303953,-2.1255445106343,0.2845871548468488,0.4411279942880184,-2.909582297331295,2.529440618846351,-2.019218352720466,-0.7416480267843717,-2.28394626774681,-1.3838380991141424,0.2520812299139048,2.820292398509854,-1.8297851947307138,0.7431224904697427,-2.0466838528733566,-0.8208696904409756,-2.843495161727195,-0.09380177983231963,-2.162131595083813,-1.141076656268982,-1.707000961980214,-2.6865706722399807,0.2542187421876658,1.7795562204078053,-0.9343724940303271,0.7742037568236682,2.9423308716184975,-1.7554367027444908,-2.001205783934038
numHidden 	5
numGenes 	48
minGene 	-3.0
maxGene 	3.0
popSize 	200
maxEvaluations 	20000
mutateRate 	0.1
mutateChange 	0.05
seed 	1554947641351
random 	java.util.Random@76fb509a
neuralNetworkClass 	class coursework.ExampleEvolutionaryAlgorithm
Training Set Training
Fitness 0.18754476696673059