1.5104326032546034,2.9682224393120222,2.5527651276362393,-2.169471752829844,-0.659436897681843,2.8359088034247932,-0.1467661582429045,2.318647506026113,-0.9088636080920787,0.8910275047138403,2.320346775593909,-1.020663179748116,1.54456971245979,1.5205917614293138,0.6060231184337646,-1.317796015953187,-0.2574738607083997,2.177561933927727,-1.431847857090167,-1.8054806217139026,-1.2335452197107926,1.1447586837098802,-2.2760093353476574,-0.8876663488850656,0.7919321631729979,-2.0194173987650172,2.7180558521090843,2.4179514581751187,2.382076708033445,1.0937444177758717,-0.3952570956242347,-1.7181342457137747,2.2646040193495924,2.22038440751977,0.9939473580919227,-0.22782607943497535,-1.4461119294096874,-2.1593739667744423,0.7935188341683972,-1.8830733641779351,0.533687633989461,0.772787140368699,2.405416444282718,0.08477505305662181,-0.2919991336558021,-0.6778620790424235,1.79298728980097,0.9067087006984438
numHidden 	5
numGenes 	48
minGene 	-3.0
maxGene 	3.0
popSize 	170
maxEvaluations 	20000
mutateRate 	0.03
mutateChange 	0.05
seed 	1554927886711
random 	java.util.Random@76fb509a
neuralNetworkClass 	class coursework.ExampleEvolutionaryAlgorithm
Training Set Training
Fitness 0.20391018263428304