-2.8688772830305282,1.6840478450879628,-2.7367915594223886,-2.935967262411613,-2.7723697982430617,0.1629312681898094,0.5138390921013691,1.6398360022823972,-2.873631672960899,-1.024762432539929,1.0757586838261028,-2.7413803383488826,-0.051240171342147534,1.8121002013969498,-1.3961908306705377,-1.762412373531577,-1.4043310691414521,-0.7636432725805484,1.1612793957898608,-0.37086565866199317,-1.371798030932613,2.141955493221186,-0.3378962219449253,-0.19781449563241393,0.6689307793585328,-0.8620574608363825,1.3228300235174792,0.06418106035445037,2.1083885665658144,2.4851440340832402,-1.9550464215906347,-0.2952612345831165,1.5950487919921237,0.016389389553305378,0.9353174561727222,-1.0114728205068697,2.1678586434516616,-2.5386421649654176,1.1468929823053298,1.9588603406774245,1.958753785272231,0.7748639926819227,-0.11564020379509499,-0.5649927388665152,1.148445533071242,-0.5673679650752375,0.7685182958599599,0.2951974142721907
numHidden 	5
numGenes 	48
minGene 	-3.0
maxGene 	3.0
popSize 	40
maxEvaluations 	20000
mutateRate 	1.03
mutateChange 	0.05
seed 	1554923809424
random 	java.util.Random@76fb509a
neuralNetworkClass 	class coursework.ExampleEvolutionaryAlgorithm
Training Set Training
Fitness 0.2445926622732877