-0.35412420360956987,-2.4085921092356086,-2.814468688631149,-1.7586383851148246,0.03996278052135027,1.0343764680815963,-1.656394966191859,-3.0,2.4468951002486765,-0.033319076737122616,-0.3349592936927296,-2.099322363127458,-1.6220533973698923,0.3681063252091702,2.884725245855984,3.0,0.1583466270048238,-0.031780032125339475,0.18161462216898103,-0.16252189519795154,1.1517589290142973,-2.459512037936968,0.7559658764508268,0.46059651078521735,1.0965231833234619,-0.774885802251921,-1.4915806660749251,2.1559112709956794,-0.20729259972925218,-2.381760265237846,-0.9337870553083045,0.4536214043267769,1.28117631372246,-1.7904068273344262,-0.4885574119983386,1.1606458630329217,1.2976277049182707,2.584022774600196,-1.5343491786126338,-2.4004113110843286,2.5230521010547613,1.994058200940906,1.9289299207630584,3.0,0.9914841115467286,-0.011561519960489097,1.0305433478407036,2.8893370827385185
numHidden 	5
numGenes 	48
minGene 	-3.0
maxGene 	3.0
popSize 	200
maxEvaluations 	20000
mutateRate 	0.05
mutateChange 	0.05
seed 	1554929391847
random 	java.util.Random@76fb509a
neuralNetworkClass 	class coursework.ExampleEvolutionaryAlgorithm
Training Set Training
Fitness 0.13660702970168917