-2.4321681211967556,-0.5612234100018316,-1.9463811368707276,1.0207395907629948,1.6152835603567723,-1.4006173270981939,1.8706305302236608,-2.07466104093661,2.6926463024300267,0.41878681136230256,1.5303738943502125,-1.241161568424015,-1.8829619934185744,1.8058206882356753,-1.8498451170977566,-0.8237265868142085,-2.7261004751273283,1.6460703973078514,-0.17679372016139938,-1.1148116869827753,-1.7781290069647728,-1.5799030198960364,0.8019775350681542,0.7370683185391211,-1.0132938542099315,-1.8887939443759563,-1.6708271411903743,-2.9302824211683935,-1.378685803164856,0.8406937427610641,0.192649673131279,-2.864032166182502,-0.6585635455427279,-1.9272073766497166,0.5314592843608685,1.8271560554228161,-2.78360884785916,-2.9266614411239766,-1.1910156152339713,-1.2896500841761775,1.001737746389841,1.5854773816719003,1.1953006500020313,-2.35364784718982,0.7456361916230891,-0.5974746383551173,0.8645599457264677,-1.0589407749083877
numHidden 	5
numGenes 	48
minGene 	-3.0
maxGene 	3.0
popSize 	40
maxEvaluations 	20000
mutateRate 	0.01
mutateChange 	0.05
seed 	1554999786510
random 	java.util.Random@76fb509a
neuralNetworkClass 	class coursework.ExampleEvolutionaryAlgorithm
Training Set Training
Fitness 0.16729944234373273