2.704126388719825,-1.5907754339098719,1.217152439918256,0.6819465468218562,1.174226362833485,-2.2239671525002134,2.033551054040583,-2.495397545790306,-0.836929130473048,1.3956226476224298,2.708588481423444,1.459857950136433,2.1979314699778696,2.347374513935387,2.958654470054995,2.3865394917161504,0.6939639379702744,1.0988694980931122,-2.4877705754888737,2.3345317501820997,-2.693610939579976,1.6904417565181262,1.5663198267324194,-0.4118343951819794,-1.1158897570155177,2.7533922809086953,-0.0477894417982232,-1.977494756300548,2.599417147312651,1.7934452327353885,-1.8298567814193287,-2.854988326705028,0.6077154405787697,1.9971964317883089,-0.7994274405352542,2.7199847107106283,-2.1919748940296904,0.5829784225500045,2.185203263818414,0.3556020367436852,0.9292808459934463,0.4187382894323166,-2.305946909201918,-1.1466980267091242,2.2592713334411414,0.2681922974731341,1.3553384784569733,-1.5233263049310468
numHidden 	5
numGenes 	48
minGene 	-3.0
maxGene 	3.0
popSize 	170
maxEvaluations 	20000
mutateRate 	0.03
mutateChange 	0.05
seed 	1554927886711
random 	java.util.Random@76fb509a
neuralNetworkClass 	class coursework.ExampleEvolutionaryAlgorithm
Training Set Training
Fitness 0.22740630547600396