-0.21455776393846948,0.7795895572320584,2.723260403771482,2.018411649358269,-1.9265979704277767,-2.2432662121341433,-0.4401308276507696,-1.3236432536075824,-1.152443777607161,1.879783241735514,-2.12705427527111,-0.035808223772770376,-1.2155611453762876,1.0841399571368964,-1.3382959528819012,-2.5899039690366097,-0.07408764955573721,-2.887459085451489,2.2113016353338075,-0.8991329357446061,0.5818479455234469,0.7831570445314124,0.2023363892406893,1.1164539133596225,-1.0129997501247112,-2.814604924544363,-2.8539596960788085,-2.0531504949239565,0.9444368714402884,-0.9549618604068755,1.1109302507929337,0.6398169588483942,2.139056186443961,-0.12658705222658861,-1.1234051939909968,1.2697180337895926,-1.8066030137701443,0.3258128883922904,-2.242277158278839,1.597015404516629,2.8641171483203474,-2.557542187930422,-0.6136036120525397,0.5048105476008011,1.0411902015760877,1.1308154519395055,1.7230961425484654,0.9530804524878214
numHidden 	5
numGenes 	48
minGene 	-3.0
maxGene 	3.0
popSize 	170
maxEvaluations 	20000
mutateRate 	0.1
mutateChange 	0.05
seed 	1554928985945
random 	java.util.Random@76fb509a
neuralNetworkClass 	class coursework.ExampleEvolutionaryAlgorithm
Training Set Training
Fitness 0.2655465866180254