1.3657099831350967,-1.363177370905752,0.6791823678905535,1.912442929065798,0.016894475557398092,-2.1236212966096213,1.3342454578267269,0.5498678355356561,-0.9611691264898115,-1.1835152763884897,2.0902125009916253,1.907759912462935,-1.0684448161205222,0.375133360133046,-1.4394728754399246,-0.237780899042197,1.9941500079202035,2.715248990763863,2.54282991787157,1.1229176674550008,-1.4990382753873703,-1.0125910966099452,-2.502613213370956,0.36762556958479475,0.3344570868290333,1.0188149638738082,0.7791225687111307,-2.2611537549955663,-2.3533184671395495,-1.7768901045954297,-0.5752844581951795,2.0738425806663834,-0.49786322911410696,-1.004128035449695,2.2708122286920895,-0.026687582248662522,-2.476740775148264,2.038353686815741,-1.1584643355024138,-2.8645401317648265,-1.6844638762056519,1.4172634489066755,-1.2069329557992605,-1.7088079448604225,-0.10734233852413855,1.7211267359614926,2.740191236477963,0.07265698783070196
numHidden 	5
numGenes 	48
minGene 	-3.0
maxGene 	3.0
popSize 	40
maxEvaluations 	20000
mutateRate 	0.01
mutateChange 	0.05
seed 	1554927333512
random 	java.util.Random@76fb509a
neuralNetworkClass 	class coursework.ExampleEvolutionaryAlgorithm
Training Set Training
Fitness 0.22785275382005635