-1.2048111364338583,2.503114717061896,-2.259892441175596,-2.071466464057299,2.0558723613902163,1.0353361841120403,-2.302729691975428,-0.9535719403109537,-2.127165196569243,2.3633703552874827,0.009148768271628693,-1.7997716470310103,1.7593506041295157,-1.6639650906567751,0.9283542733265877,-2.7789135944695644,-0.8202230573794167,1.6449443524612404,1.498140520216694,2.5234916199804633,1.7432501388045347,-0.350750830547117,1.109167768808856,1.5026950753965238,-1.0359248996340364,-0.5594221097750474,2.194460940770213,0.22699220090220695,0.8211716270381255,0.3898191523399479,2.0283263814798413,1.1733392877281714,-2.1998933651475516,-0.20957111234222303,-1.2350954565051588,-2.4034263935565843,-0.510079946616238,1.0234942240233078,-2.040536139884064,0.40180532736943464,0.13311921916340008,-2.0821656731459206,-1.1395406103222887,-1.893653397738197,1.790890813945003,-0.3360384787137076,2.7428040716258666,0.6318384283116738
numHidden 	5
numGenes 	48
minGene 	-3.0
maxGene 	3.0
popSize 	170
maxEvaluations 	20000
mutateRate 	1.03
mutateChange 	0.05
seed 	1554927561241
random 	java.util.Random@76fb509a
neuralNetworkClass 	class coursework.ExampleEvolutionaryAlgorithm
Training Set Training
Fitness 0.24960506072837008