2.639749312461169,-0.4896081446322733,0.2985983533456391,-0.15080446499429767,-0.5660860498163034,-0.8201599203258025,-1.2795985088602406,0.7458210709094262,2.248663217970469,-2.638936251138749,1.0917679688978605,2.807207343641794,-1.6645910230131853,2.505961989922633,-2.5066580047400127,-0.22583018869429772,-0.862864807578414,2.032968627481985,2.5272634366888083,-2.587047418693865,0.8830366062725767,-2.3369103689228883,1.482308974234872,0.23984475174854136,-0.6823228984703733,-2.7493870087043084,0.8019788292649128,-2.402870162366578,-2.2708442234095205,-1.5263339633324062,-2.957520347155234,-2.6960629765396407,-1.9049288580819614,-0.5490373857555895,-1.8693972541088548,-1.4745086178418196,-2.743136650039819,-0.010240552245377899,0.7920407256126571,2.8616750561998456,-0.4375839918444404,0.7462101025685408,2.5187335718118513,1.9507395324311307,-1.616403458034101,-1.9070241070138323,-2.620615829078261,-0.8835725988632324
numHidden 	5
numGenes 	48
minGene 	-3.0
maxGene 	3.0
popSize 	200
maxEvaluations 	20000
mutateRate 	0.1
mutateChange 	0.05
seed 	1554947641351
random 	java.util.Random@76fb509a
neuralNetworkClass 	class coursework.ExampleEvolutionaryAlgorithm
Training Set Training
Fitness 0.2062278434903692