2.761953466265357,-0.8089796760673993,-1.6503963146288145,-1.2405724503077078,2.7317421430585824,2.7405546555286753,-0.7422167581684311,-1.985770186928012,0.9176679510039403,1.7915650583889393,-2.7233747303116917,1.7133887279168611,-0.709541021432547,-2.141380797181651,2.9189191488629493,2.9602428421991824,1.8223246028502746,-0.20046658297847397,2.881003410575744,0.7227704162719313,1.988231823897241,2.340797271316937,2.9238467812148645,1.5408440592774202,-0.7749804556341795,1.2414234022882278,2.1589587277059277,-0.897162089224028,-0.7854997901215395,-2.615286235932807,-1.7706972774402685,-0.9964621774122158,2.3391216588041104,-1.2582723383245524,2.576556702301094,1.618352316566348,2.078682024263257,1.2420350928401724,-2.3752625652227475,-1.9106317223979832,0.47401414897547056,-2.8833631021840205,-2.7136193835432225,-1.0831571984220727,1.0784756155770978,0.24472750461809767,2.7111329898073127,-2.414729717616371
numHidden 	5
numGenes 	48
minGene 	-3.0
maxGene 	3.0
popSize 	40
maxEvaluations 	20000
mutateRate 	0.01
mutateChange 	0.05
seed 	1554999786510
random 	java.util.Random@76fb509a
neuralNetworkClass 	class coursework.ExampleEvolutionaryAlgorithm
Training Set Training
Fitness 0.26476202050545694