0.12464289649773877,0.8519521921555456,2.8835496184196323,2.767952363450864,-0.9269155969748903,1.0756118427544679,1.1291493117048719,0.5553038231975924,1.007703584837357,-2.7388889683243156,2.0745504522281664,0.2973335258587973,2.551400691177496,0.6234343855736658,-0.6790169413212543,1.349183154631026,-0.15849200693059468,1.4743824843804265,-2.2321874906927643,-1.2726535178307894,2.6787969367801394,2.8500734440294906,0.9417966437974018,2.7356887001780095,-0.39969970021243506,0.8403674950532332,-0.22412726873261907,-1.4875369380112349,-1.594932855463171,1.6626704486890642,1.3519940746220063,-2.1469281816681844,-0.5486066168367586,0.14370572655615182,-0.14815287086000617,-2.1312514240791884,1.3118967692869683,-1.1527535323968772,-0.9528173147312453,-0.4857914092536053,-0.9659262694788877,-1.0693967768527013,3.0,1.81726219188665,-3.0,1.0532685685915577,1.6824878907892373,3.0
numHidden 	5
numGenes 	48
minGene 	-3.0
maxGene 	3.0
popSize 	170
maxEvaluations 	20000
mutateRate 	0.03
mutateChange 	0.05
seed 	1554927886711
random 	java.util.Random@76fb509a
neuralNetworkClass 	class coursework.ExampleEvolutionaryAlgorithm
Training Set Training
Fitness 0.1055258320230786