-0.010054239704260226,0.2855589116717283,-0.7751210912319397,-1.930699915180743,1.6161443782441713,-1.908975944621998,0.48415214252596517,0.24156416438137818,-2.4040798444630074,-0.936718525647263,2.6417158613249434,0.7714685060085689,-0.924577141246246,-1.087385079582799,-0.9934307285530624,1.0148750565853968,-0.8786828671674662,-1.269401390496825,2.7651582198587112,1.2421412425551202,-0.5197242747040427,2.6609063016215133,-1.687081874845484,0.8249719402825493,1.1668835558020056,2.290791619490423,-0.8267679392429197,1.8861006971424583,1.4873166240769322,0.37987640166926884,-0.15543497321196664,-2.4647280505953395,1.557327439709793,-0.08406627866018157,2.086453127662107,-2.3432039568026153,2.7617413572943326,0.29789642967976304,-2.737547048110038,0.49324488216981033,-0.07115945442358829,-1.3056296409645716,1.4030736897708058,2.9866537219884313,-2.7433159586173375,1.311477923776092,2.6341417355232046,2.9928890007001963
numHidden 	5
numGenes 	48
minGene 	-3.0
maxGene 	3.0
popSize 	170
maxEvaluations 	20000
mutateRate 	1.03
mutateChange 	0.05
seed 	1554927561241
random 	java.util.Random@76fb509a
neuralNetworkClass 	class coursework.ExampleEvolutionaryAlgorithm
Training Set Training
Fitness 0.16515137931512106