1.491650916964323,-0.07448454492993539,-0.8518622314093163,2.8081407114606085,1.2357390968387882,1.038394380382801,0.10823454262915799,-2.549924679101278,-2.677768700890691,-2.3675080014194663,-2.9121200633874293,-0.705235802317489,0.8738321724290055,1.9982155696602364,-2.217665207450291,1.6139398730476024,-0.6721365941071014,-1.4746591851573125,-0.6195629571926302,-0.9802495217779255,-1.1823523001465093,-0.28406382864084945,-2.3688499506854734,-0.5590529629668683,-0.6636842311662585,1.3546325392730267,2.2391345313501754,0.9463280653786432,1.8421546600801824,-0.11255039467217198,-1.940014488269886,-1.3233881780283245,-1.6779612696699546,1.089681699903915,1.641948916922371,2.14395086359409,-2.3755955781629305,2.5701463989547175,-2.3253971858935745,2.5938542399636484,-0.39434463209911375,-2.43660372081325,-2.1438369111808315,1.997325591926935,-0.19619932466811196,-2.1967126117299602,-0.420259945781714,-0.4484247452195058
numHidden 	5
numGenes 	48
minGene 	-3.0
maxGene 	3.0
popSize 	170
maxEvaluations 	20000
mutateRate 	0.1
mutateChange 	0.05
seed 	1554928056301
random 	java.util.Random@76fb509a
neuralNetworkClass 	class coursework.ExampleEvolutionaryAlgorithm
Training Set Training
Fitness 0.15709971775277243