0.40031747786967276,-0.35117094365827844,-1.500485585568911,-1.171208282094891,2.358772657970264,2.557930813364494,-0.738674609525132,-2.5619979455694217,1.1936283287520395,-0.7712440356920881,2.276812133150837,0.5924007438239837,-2.661192653044473,2.2295443284496983,0.5242658715982056,-2.32016304049053,-2.697863163342166,-1.585326735579128,-0.24172988781316262,2.3222328361019136,1.414066430804759,2.5309936629867824,1.4430259237331855,1.741346371040048,-0.8161610753552524,-0.01561080083511135,-1.2838076194088732,-1.640252957665024,2.8989959389995805,-0.45982055038648584,-1.6532785460215769,-2.0273685928394345,-2.1175185005541075,1.5483689494319492,0.21236548287248203,-1.3162247874912762,-1.6979601491201985,0.9531138496113991,-1.1685427587666037,1.2803399078516857,0.7242986002774163,0.27151795328970424,1.2450816886331686,-2.0219538752866266,-1.6262370501397976,1.0259338218575433,0.581804222901075,-0.034097355556852046
numHidden 	5
numGenes 	48
minGene 	-3.0
maxGene 	3.0
popSize 	40
maxEvaluations 	20000
mutateRate 	0.01
mutateChange 	0.05
seed 	1554575863303
random 	java.util.Random@3e052d15
neuralNetworkClass 	class coursework.ExampleEvolutionaryAlgorithm
Training Set Training
Fitness 0.12688937494892447