2.9739760725163187,2.8312262530991745,2.89130301978264,2.111984354599114,0.255334469977746,-0.9013198203425006,1.5751875962082549,-2.2553868121772576,-1.460105541933998,-2.536000911288708,-1.4000986179319124,-2.41610977470996,-1.5036481710133112,2.6960648637401023,1.7669464842350724,-0.3429008026403162,1.2244316869757839,-0.3018803260984768,-1.7057780420149145,2.1943774046722826,-1.6609133520127577,1.0209064003805253,-0.5373200886343894,2.089987728524326,-2.6147789824271124,2.2285382799328737,2.782806972252075,-0.29774986852047025,1.77941446640975,-0.28457625542826115,0.22408565554315496,1.4918265112814328,1.9653494536356382,1.0471834762894208,0.8845696986428724,-2.4335850531782195,-1.852614091157125,-0.9393933679682895,-0.5008040142043768,1.4557643226154608,2.8319561458244378,1.807302205664664,-1.605563552529488,0.38428582992091,1.4591914204293435,2.962808865136763,-2.10662011030739,-0.0606103109630447
numHidden 	5
numGenes 	48
minGene 	-3.0
maxGene 	3.0
popSize 	40
maxEvaluations 	20000
mutateRate 	0.01
mutateChange 	0.05
seed 	1554999260498
random 	java.util.Random@76fb509a
neuralNetworkClass 	class coursework.ExampleEvolutionaryAlgorithm
Training Set Training
Fitness 0.2823773599445485