1.7752207443826586,1.156357663484071,1.338225683138381,-2.5039745046653605,-1.4376494910861182,-0.5465486106770134,-0.5313413177292734,-2.472122250740841,-0.5599118854607066,-2.127013732807254,-0.735253774861127,1.5100496517244792,0.5465425125781112,-2.1908816623499057,0.2451568164712592,2.959572775792094,1.6851494639013316,1.0208670387424439,0.5894111944971065,-1.853517753835959,-0.4724751205848614,2.8632826652677252,2.82616323130578,0.9876808582691274,-1.613720159740282,-2.538942634140173,-1.8707480637278202,-0.3496950255054472,-1.191291835180868,-0.485543030283734,1.752713025309907,-1.5168183552561179,-2.462811434854769,-1.605746730715048,-1.3503881610189343,-2.1694820032079103,1.6145582075214744,0.5866295806587418,-2.2292711289469267,-2.3449947164573675,2.582638162802593,-1.609168788060547,1.9278041042732843,-1.2919282877203804,1.829516738712881,2.0516283977652563,-0.5677847915670791,-2.7669397118104326
numHidden 	5
numGenes 	48
minGene 	-3.0
maxGene 	3.0
popSize 	170
maxEvaluations 	20000
mutateRate 	0.03
mutateChange 	0.05
seed 	1554927795045
random 	java.util.Random@76fb509a
neuralNetworkClass 	class coursework.ExampleEvolutionaryAlgorithm
Training Set Training
Fitness 0.22829011281115108