0.10113892540065494,2.2280767399097723,-1.1476859199988638,-2.599356339137019,1.119746431984666,2.7819748374680486,0.751133452599086,-0.09097772028767448,1.338809236239653,-0.30932836767875393,-2.4905428002019767,-0.4083432397848368,0.31286817988187243,-2.6689353357749734,1.0507689378078302,2.9343443327455043,1.262749926287153,2.0162786273602524,2.2849512150061653,-1.9752516910618165,1.386785231647183,-0.4809200255886372,0.13370323791575434,1.4137829686400014,0.5756902270458761,0.3537965214689658,0.9714295963572184,0.20995970925160012,-2.0297434866069177,2.1460269776271828,1.0252414475408704,2.207658963227332,0.9318583793257149,2.159658188443313,0.0023194289770209764,2.9342778992879097,-1.1858561383913848,2.9784453438012566,-0.3750025941728783,-2.227315761297981,2.43013586384314,-1.5453586282929495,-2.14646573540526,-2.2256028033791595,1.3023277184324247,1.3398986477131523,0.36365351094684284,-2.5746051988731455
numHidden 	5
numGenes 	48
minGene 	-3.0
maxGene 	3.0
popSize 	40
maxEvaluations 	20000
mutateRate 	0.01
mutateChange 	0.05
seed 	1554927333512
random 	java.util.Random@76fb509a
neuralNetworkClass 	class coursework.ExampleEvolutionaryAlgorithm
Training Set Training
Fitness 0.19964130692040077