-0.7160850661954354,-0.3724237300031943,-1.9007644596734175,-1.6323294433416509,-1.452754625580774,1.0124105052067884,2.7310098602231028,-0.7563941713354394,-0.24207277013913986,0.2745273281331606,2.691653908307237,-0.8096203214183015,0.8999633956603503,1.759865043909289,2.6745314173585264,-0.7550604750887793,0.8418361490332336,2.8453467719647314,-0.12627771199030668,2.0590442817228096,0.6616267058566598,-2.9890109973107535,1.7786701084176118,-1.7385210659229717,-2.4237838229960778,0.7806615191473858,-0.07775635708500861,0.6659413746998721,-0.4171011002666054,1.2506733899833469,2.1895717229447476,-1.058763132756432,-1.845826617329555,-2.6703379454017035,1.7461849224889585,0.733467571938228,1.496387167448546,1.6550541776379362,-0.9673321349636534,-2.959553080304413,-2.009656861331379,1.4306685103992711,0.5991999636300509,-0.11338033139588166,0.47688758268360676,1.1468227924195613,2.8170313460390437,1.032311413744667
numHidden 	5
numGenes 	48
minGene 	-3.0
maxGene 	3.0
popSize 	40
maxEvaluations 	20000
mutateRate 	0.01
mutateChange 	0.05
seed 	1554999786510
random 	java.util.Random@76fb509a
neuralNetworkClass 	class coursework.ExampleEvolutionaryAlgorithm
Training Set Training
Fitness 0.27701559329862413