1.7523883842487198,-2.7029945286062667,-2.2074571673359156,1.5180339439267279,2.002317964982171,-1.937403884621499,-2.3005379064971216,1.6497655895254963,-0.33911674618398946,0.6765412455689885,2.2286041759682673,-2.455316510891131,-2.1845246597984818,0.6553081866089259,0.7996175301756523,2.679576129929263,1.0254992219344174,2.8262344470062395,-2.2734652055328697,-2.2289069118182554,1.3190259480821673,-1.968443843683564,1.078849596144848,-0.8283859863418979,-0.19207212430089893,-2.911461879298061,1.0533798596124848,1.5099578698319656,2.803271332019314,-2.0641796745049894,-0.3872843841131104,-2.220491339607305,-2.7048365091813835,-2.949607548425148,1.347221077056897,-1.800620080078393,-1.4188278791200435,0.8114050486223929,0.6562341210007698,1.7347875699232524,0.6848589400512166,-1.483678186685978,0.42027560348159154,-0.8391527145733866,2.0008887161805218,2.2217171398619096,2.3497555537598185,-2.010440555853248
numHidden 	5
numGenes 	48
minGene 	-3.0
maxGene 	3.0
popSize 	40
maxEvaluations 	20000
mutateRate 	0.01
mutateChange 	0.05
seed 	1554999786510
random 	java.util.Random@76fb509a
neuralNetworkClass 	class coursework.ExampleEvolutionaryAlgorithm
Training Set Training
Fitness 0.24639230574021806