-0.17507726492401066,-0.6004886824674127,1.4549376246239305,2.7904346968225093,2.3758795463410145,1.5535954228983986,1.6634077026654461,-0.5211258203321005,2.212134910077209,1.9304485289762532,-1.7664708025333535,0.46214852317682276,-0.5826309480391734,2.1165186427578657,-2.0184046207746773,-0.3895653495323268,0.20544798021865152,1.7894402436019554,2.911681231314506,0.6895014167335116,0.5303312675194629,-1.2545689215778306,1.8526340162380563,1.5653584171241395,2.10169319980929,-1.8454080452190582,2.4575345023890636,0.39312651656576136,2.3481888464190366,0.2906309009149921,-2.4559167215966666,-1.628390214400378,-0.022281151034375668,-1.7391698927625252,2.0805384353342777,-1.106900917539208,-0.17103330732335564,0.9788695699049415,0.3855041836150601,0.6034825596718054,0.690906528909299,1.7774187210689405,1.3110386121449906,0.010786208241091444,1.6868994105172135,-0.35079398398954353,2.3172245031527563,-2.159188342575564
numHidden 	5
numGenes 	48
minGene 	-3.0
maxGene 	3.0
popSize 	170
maxEvaluations 	20000
mutateRate 	0.1
mutateChange 	0.05
seed 	1554928056301
random 	java.util.Random@76fb509a
neuralNetworkClass 	class coursework.ExampleEvolutionaryAlgorithm
Training Set Training
Fitness 0.24004111184560215