-2.0434286425757087,0.5722948765513336,-2.7427334528037735,2.1946204290125504,-0.9210409772106063,-2.0710501251460114,-2.637181371912588,-1.9496799707558286,0.32279940674612906,2.28926473221091,0.5830574085330857,-2.260131558434084,1.7373713911209423,-0.5288238642054637,-0.08297761978414497,1.741642532977874,-1.9789487180817613,0.5151544575775713,1.2007658832801331,1.6142676985964979,1.0827869144871318,1.1400225778746993,0.9895396547232203,-0.8498443819710073,-1.6555912838122506,2.524554966282998,-0.35400285609831084,-2.4419608496793175,2.321066889224669,0.29931984504276166,2.7215066885052916,-0.2115430114210155,2.163574211284712,2.0140801008850264,-2.292091405331133,-2.909248912880046,0.18041381758904596,-2.585563423776123,-0.5852191963621047,0.5522463904924182,1.8786590533733243,-1.3827506545337864,-2.4074847754839888,-0.2801034314906232,2.7720338549369608,2.7177358363738637,-1.0257631747212845,-2.5582178386345378
numHidden 	5
numGenes 	48
minGene 	-3.0
maxGene 	3.0
popSize 	40
maxEvaluations 	20000
mutateRate 	0.01
mutateChange 	0.05
seed 	1554917093182
random 	java.util.Random@76fb509a
neuralNetworkClass 	class coursework.ExampleEvolutionaryAlgorithm
Training Set Training
Fitness 0.21135091293680672