1.3205465826204348,0.8684846374942068,1.893705555236493,2.9136136358271925,2.3608098314938815,2.185430331790152,2.2560580865706124,2.655487319230911,0.3693924580356662,-2.3482346777548244,1.1049826950220396,0.9747975546373473,-0.8880513573702284,0.5870327136933051,1.1593534379349286,2.351069607335954,-1.1821997526257266,0.42559953916840954,-2.5077769361885243,-0.34479241917089354,-2.3475751174451047,0.0237287619681692,-2.9989279085416776,-0.5135153713990741,0.9184199244539681,-2.6459540765565928,0.2880209879459561,-1.937454339558825,2.0407901943977977,0.42010519360477394,-2.8974684083459192,-0.8535030161538577,2.3826382090376654,1.1983657265501009,-0.16688757957908606,2.5635074491202987,0.11507644659809646,-2.9230005503860066,2.056019635492623,-2.3847864885462533,-0.26959176615905056,0.6105623265615288,-1.1420644817243095,-1.8564259126501823,-0.6596343718340032,0.446667545486247,2.546089510483207,1.1266832333221686
numHidden 	5
numGenes 	48
minGene 	-3.0
maxGene 	3.0
popSize 	40
maxEvaluations 	20000
mutateRate 	0.01
mutateChange 	0.05
seed 	1554999260498
random 	java.util.Random@76fb509a
neuralNetworkClass 	class coursework.ExampleEvolutionaryAlgorithm
Training Set Training
Fitness 0.1550207976021455