-1.2778221885028935,2.2809751059419776,-1.134359550853434,0.9158814701840274,0.5333992486870307,-2.7284997783359817,-0.2643564480851719,-0.6910902492712854,-0.6547257291527195,-1.504653119725545,1.1859071762617335,-2.8972537889104526,-2.559452474353407,2.4077684520329576,2.3390157828188656,-1.923976880267991,2.5375800786836873,-0.4106430132214749,-1.91803474298784,0.6843254087691548,2.983633663635401,2.472835844290107,1.5963912358908559,-1.2582512887533643,-1.26786583555565,-2.625002462323314,0.09584076762251925,-1.1236805690545628,-1.335600150996945,0.5285472075180833,2.313973655085099,0.21087859407114617,-1.232506467871282,-0.31833759554311625,1.9574984767551316,0.06282250817456658,0.5685261423359647,1.14362737145089,-1.0549282940739102,-2.7646063704226425,1.051915513049039,2.9029438898644395,1.7983098576699126,-2.309986033563998,-1.950228462280622,1.6298699267027317,2.0334866852730666,0.04344339958950627
numHidden 	5
numGenes 	48
minGene 	-3.0
maxGene 	3.0
popSize 	170
maxEvaluations 	20000
mutateRate 	0.1
mutateChange 	0.05
seed 	1554928985945
random 	java.util.Random@76fb509a
neuralNetworkClass 	class coursework.ExampleEvolutionaryAlgorithm
Training Set Training
Fitness 0.21634080018713084