-2.1497567356327876,-1.3245985481208609,-1.1141988138675272,-2.522265711653854,0.7862941377904573,0.39875216881582654,0.37797085619868104,2.6008102963793744,0.2622749192961492,0.37424609365107464,1.2324783309828344,-1.895848746992832,-0.6164480432890361,-0.36141719615368073,2.5603426661690487,2.5995492067369463,-2.0171264115715446,2.159738991472316,-1.659100669844581,2.7257539915318296,-0.8315855496414125,-2.869332819268514,-0.1198688158927465,-2.2201039118463686,-1.6740438893604659,0.31735170392215023,-2.485425120471689,-1.3568202756534424,0.09723804092064284,-1.8394263897832135,-1.2655534463076346,-0.7259174259253194,1.3226385786761885,-0.3249912321076014,0.7748042460966444,0.1420153647305971,-2.9807880112439626,-1.0946268743115786,2.7187691347254344,-2.3356082947157693,-0.3051075731343814,-0.7126201581420042,-1.8979840311271738,-2.419501775991481,0.3397859676112134,-2.5881812329426968,-1.6865642776875216,2.374774166948605
numHidden 	5
numGenes 	48
minGene 	-3.0
maxGene 	3.0
popSize 	170
maxEvaluations 	20000
mutateRate 	1.03
mutateChange 	0.05
seed 	1554927561241
random 	java.util.Random@76fb509a
neuralNetworkClass 	class coursework.ExampleEvolutionaryAlgorithm
Training Set Training
Fitness 0.12234752128377298