1.4985144103323593,-0.18845113871139585,-0.8809933264568119,0.3402438023487955,-2.758503710086181,0.45220725707279685,-2.3599519204950568,-0.6075169568911649,-1.9220023761482556,1.6292468093005539,-1.2642534419308733,1.165103409506374,0.8369113082010426,-2.7251352896231964,-1.8399489771023456,-1.8759248994741564,-2.947486379342231,1.3434512650542114,-0.7305276372990828,-0.44891592094384114,0.9117826861762235,-1.9596220203234107,2.3664045579706547,2.119700365431169,0.3671201668033728,-2.1492453166580594,-1.0358335504392193,2.8566911879812196,-1.3390023658367376,-2.6533863159439157,-0.4447538322213096,0.1378324304891061,-2.2116550337471756,-2.922856246768522,-1.2877237729659559,2.4124928554361604,-0.8607043273861068,1.1102759194851881,1.036816441866046,-1.6663109175977528,1.7192011477569658,-2.0049123302524,-2.40593499417683,1.89022802098272,2.934621766674697,0.05317125947378987,1.0321701367576708,-0.005020801174484113
numHidden 	5
numGenes 	48
minGene 	-3.0
maxGene 	3.0
popSize 	170
maxEvaluations 	20000
mutateRate 	0.03
mutateChange 	0.05
seed 	1554927886711
random 	java.util.Random@76fb509a
neuralNetworkClass 	class coursework.ExampleEvolutionaryAlgorithm
Training Set Training
Fitness 0.1993205485247152