-1.7321872939336467,1.8886645609479782,0.889942481855222,1.4795625651922801,2.134068554560514,1.0041235742270391,2.515761946306343,2.6401036749864755,0.9401809363031512,2.8554575977783285,-0.3505521462889991,-2.732388434467129,-1.5625476424858449,-2.2480118857353935,-1.8132712328960878,2.4441234294920804,-0.11147145068845088,1.0174678030132842,-1.576194216923027,1.3580619638617293,1.0779273338950945,2.1754521572386176,1.1976071466350202,-2.7920518938129617,2.830722046755696,-2.635144584236032,2.467881609643487,2.60762983648082,1.0722766984648775,-1.3412736787551258,0.978522234309561,1.1377416246603236,2.5927892150101925,2.6995110540105767,-1.6398815901812165,2.772093227287841,-0.5012369964068562,1.9918095378235225,-0.5521543917584912,1.1791711000343597,-1.1606223089114076,1.3088589320819928,2.688411182652657,2.35792024653607,0.08909936148700393,0.9717214257574658,2.2968842399801277,-1.2865426497363548
numHidden 	5
numGenes 	48
minGene 	-3.0
maxGene 	3.0
popSize 	40
maxEvaluations 	20000
mutateRate 	0.01
mutateChange 	0.05
seed 	1554927333512
random 	java.util.Random@76fb509a
neuralNetworkClass 	class coursework.ExampleEvolutionaryAlgorithm
Training Set Training
Fitness 0.27418709142223696