0.8422981003332044,1.9079826651505067,-0.6723991573921362,-1.7117664206747722,-1.8205980220782996,0.4135691039696754,1.877783789291417,1.5963517967397927,-1.2309738045552716,1.1154652809571957,-2.1418613524036525,-1.6978758331762114,-1.7381474257741816,1.5665335152314253,-2.661933582194414,-0.019295883730511942,1.283237054385177,-1.2462691148338614,0.45600485599101237,-2.070819720219794,-2.064794728843472,-2.4614148742972564,2.9139229219286165,-1.3821756475916491,0.997663373505346,-1.4894427770966567,0.8121138414184279,-0.9602094583703575,-1.4988711887503048,2.938774476177816,-1.3559482451021772,1.6281490757934076,-0.7524208312210865,2.4587935133155367,-1.8558795213065138,2.0790620199144723,-0.8021856102918372,2.019721397793367,-0.00842743546651814,-2.972672376218006,0.4230275762939284,2.4431984198960617,-0.8778778535786751,2.065444601425299,1.5350712313308463,-0.2905876802809191,1.5841213760767818,0.07976634642337821
numHidden 	5
numGenes 	48
minGene 	-3.0
maxGene 	3.0
popSize 	200
maxEvaluations 	20000
mutateRate 	0.1
mutateChange 	0.05
seed 	1554947641351
random 	java.util.Random@76fb509a
neuralNetworkClass 	class coursework.ExampleEvolutionaryAlgorithm
Training Set Training
Fitness 0.19286706035152656