1.4159452308709515,2.147009926825649,2.551993190191241,-2.808158264937191,-2.8606884742612175,-2.212245106911073,1.0421128465474112,-1.8474716770446533,-1.7040690156290466,2.3291081012411885,2.1132289602865058,-2.3997569870661795,-2.4850412255663694,1.6323996340504747,-2.443317465500507,-1.3147933917742691,-2.7500375330502775,0.27707922950371344,0.2696219043043335,1.7573335677780992,0.5160148599326542,0.04023389719023118,-0.7067605793545981,-0.6089755606437541,1.0876400907767598,-0.454196676100016,-1.901916512818084,-1.1324093332217133,2.286210878797764,2.8053576937160383,0.8807903421577024,-0.9098955987331436,2.1787602621808384,-1.8249666906798754,-2.0763120143675176,2.0519491293118843,0.39102600159156253,-0.7565408272655834,-2.956667190976983,1.3143328750846717,-0.19409381209527776,-2.6567604987181914,1.816153510596731,1.4695108680453366,1.1743676528843778,-2.2562080411424583,-1.3810206569775816,-2.7245558526263642
numHidden 	5
numGenes 	48
minGene 	-3.0
maxGene 	3.0
popSize 	40
maxEvaluations 	20000
mutateRate 	1.03
mutateChange 	0.05
seed 	1554923809424
random 	java.util.Random@76fb509a
neuralNetworkClass 	class coursework.ExampleEvolutionaryAlgorithm
Training Set Training
Fitness 0.26930196488421254