0.26775178704693836,-2.2280885506296952,2.5751737189672124,0.25997521673747226,0.7867181606846492,-1.520362531728088,1.5517045091722395,2.1918241743707547,-2.36499047381192,-0.8973814645424918,-0.7428921910209154,1.5300191792401021,-0.005037438843415565,2.0455754191923186,-2.4603188729309178,-0.2902058832620229,-1.331202499551158,-1.4015461518619183,0.29915044207595987,0.43023477228885687,0.36052682782308487,-2.1538197483192865,2.6091992129048105,0.8189833445606665,-1.7583717064410238,-2.1857452436676237,-1.651902267587982,-1.3151968270998737,0.6588225432584425,-2.680640536418684,-1.305206032343612,0.22463834024649643,-0.9252877073080743,-2.6015440877963254,-2.7010014351465212,-0.07514386505399973,-0.4980345573940448,1.0316430060529775,2.3224685031017476,2.2069016322622277,2.7991444907228136,1.1533434209379552,2.8748654214587823,2.61564470425587,-1.7587915465249875,-0.3368179450540323,1.6312378859819336,-2.965753988245204
numHidden 	5
numGenes 	48
minGene 	-3.0
maxGene 	3.0
popSize 	40
maxEvaluations 	20000
mutateRate 	0.01
mutateChange 	0.05
seed 	1554999786510
random 	java.util.Random@76fb509a
neuralNetworkClass 	class coursework.ExampleEvolutionaryAlgorithm
Training Set Training
Fitness 0.2720336020775491