2.2375419291708782,-1.6958003566734359,2.2482532101358172,-2.536293510156857,-2.1621472518079585,-2.63784086137857,-2.7835131812894125,0.056139967638713095,1.0258661325673266,1.9713725860451667,2.2529630543146446,0.23924383145693984,0.24454941518583162,-2.8534837770164803,2.4270281683750365,2.0528866439298055,-1.929342553098892,-0.3243834711954845,0.8662140223400385,2.591190679062956,2.873863307240983,2.914987203623975,0.41318453537592514,1.2148407875427445,-0.43031643251536167,0.5559755598280778,-0.1383095973151387,-1.2329329114781422,-1.037266942896748,2.447794284774944,2.8180452182334665,-2.740148383667375,-2.998561497023135,1.9640741660531118,0.8540669572560762,-2.977791393187326,0.06503949887965067,-0.37106915761568926,1.9408789149080512,-0.24702874161990984,0.8635824962404408,-1.2291131491131762,-1.7115715420003883,2.194450591013183,1.9456438361646535,2.799659203433535,2.0018239515948686,-0.37277559201569455
numHidden 	5
numGenes 	48
minGene 	-3.0
maxGene 	3.0
popSize 	40
maxEvaluations 	20000
mutateRate 	0.01
mutateChange 	0.05
seed 	1554999260498
random 	java.util.Random@76fb509a
neuralNetworkClass 	class coursework.ExampleEvolutionaryAlgorithm
Training Set Training
Fitness 0.11082102396586835