-0.3155126047097405,-0.5784185068104648,-1.1530511365740275,-1.6750161192546351,-1.0470552296366693,-1.2218885002700697,-0.784665966176544,-2.2649343966345783,2.1984257815829844,1.2076802391256836,1.925305973543317,0.05951615101125052,-1.3277486955444864,-1.7975356817156667,-1.4692511702579016,-1.2279987871941849,0.888245306312121,-2.967088914028109,0.4154542415764899,-2.4301060867417936,1.0895023952503324,2.3074643433303192,2.0858465695648514,-2.8898012911391753,1.1138805496877584,-0.8642282301271487,-0.25356538822671926,-1.7838826687765597,-1.4844200294272498,-1.2379845012106203,-1.2512467539504333,-1.0722713989536499,1.2513416061019038,2.908048348807476,0.6744707537535923,-1.3879470754382446,-2.371531441036279,2.876567990889461,-2.0792296710560296,-2.3729296422280486,-0.46195138649085177,1.7126091572732278,2.7010266882008214,-2.2489426101847414,1.260424087274683,0.40717818905188174,2.3562268906084203,0.7429013398401434
numHidden 	5
numGenes 	48
minGene 	-3.0
maxGene 	3.0
popSize 	170
maxEvaluations 	20000
mutateRate 	0.1
mutateChange 	0.05
seed 	1554928985945
random 	java.util.Random@76fb509a
neuralNetworkClass 	class coursework.ExampleEvolutionaryAlgorithm
Training Set Training
Fitness 0.161878516442217