-1.0806314503305607,2.9892138961197556,0.8408351335255508,-1.4024605490685538,1.009272891600851,-2.7057391862892732,0.9249939321568421,-0.8744734456499734,-1.5132387899919777,-1.7535359573671565,1.883441992464669,-0.36888958939568184,2.5505057673597724,-2.0886346924122527,-1.2221853574077366,-2.780770330260632,2.890529100346905,-2.304223344756913,0.08150225114099818,2.529508489222823,-0.12882730708659507,-0.41220275706736675,0.9483585404914598,2.468527548445005,0.6599431973009136,-2.8458481098161665,-0.2546314502286693,-2.604810991130115,0.8480696626406221,1.9515292312503476,0.8941378516850045,1.3133103856339519,2.3410332349807437,-2.587106457904219,-1.4827658940186301,0.9986362444064785,1.4672496355715685,0.11154231912514057,-0.22591187019279113,-2.2020036052206944,2.360507816788825,-0.41502622960684343,2.097327662471402,2.08639074636716,1.7166896363999378,2.6174350172292025,0.8040955191921775,1.053326791812296
numHidden 	5
numGenes 	48
minGene 	-3.0
maxGene 	3.0
popSize 	40
maxEvaluations 	20000
mutateRate 	0.01
mutateChange 	0.05
seed 	1554999786510
random 	java.util.Random@76fb509a
neuralNetworkClass 	class coursework.ExampleEvolutionaryAlgorithm
Training Set Training
Fitness 0.2437698011585324