1.5925149149946405,-2.924376475397528,-0.5640042696178704,-0.8320476862637403,-2.9103815188385633,-0.4074291181338303,-1.7812996845406743,0.4191248080036747,2.0782434018712532,0.4930209250026656,0.46976287477477907,-0.658668331855158,2.4662517303994083,-2.527009220642691,-1.266391953579216,2.5639400694116388,-2.9395264943696953,0.3724956981046095,2.735098740055613,-1.7082827167838721,-1.652522536487835,-0.4442143939466283,-2.6637441852725914,2.5868688159625037,-1.249752436297116,-2.423018519186445,-1.9200652123883684,2.8939641519749344,1.1800373460132043,-2.5012769276630387,-2.9862396579659602,-1.5521741797570838,2.6851012974171153,-1.6142564686019445,-2.3112149963145665,1.3275034619746497,-2.082079137822258,1.0870756366141503,1.366019067040142,2.4800037770144128,-1.0000341239249202,-2.5501022858059694,-1.4598592055732078,2.0354919830426788,2.1579529876693693,-0.42517955216497194,2.903376807707474,0.6712276164743631
numHidden 	5
numGenes 	48
minGene 	-3.0
maxGene 	3.0
popSize 	40
maxEvaluations 	20000
mutateRate 	0.01
mutateChange 	0.05
seed 	1554999786510
random 	java.util.Random@76fb509a
neuralNetworkClass 	class coursework.ExampleEvolutionaryAlgorithm
Training Set Training
Fitness 0.28910244875720886