0.01421969476274082,-2.731448534041789,-1.891364439640025,2.0451806067468845,-1.1793443627665035,-0.1757958616316952,-2.1498659038842876,1.861171723891537,1.3985170724032485,1.1123772881039706,-1.7438887656025186,-2.4447834512791635,-0.8269301587326946,0.31065428234712855,-0.7044651359412444,1.6802125854383905,-1.1440516560548677,1.4040233828850022,-2.6055189999909905,2.045512039542438,2.0365952982206967,-0.17723132910169184,-1.5363384612684907,-2.236175741963088,-0.22039850580713685,2.4480122820478303,0.4938467723516101,-0.7912595825835735,-3.0,-0.1871355697658596,2.869056498432557,-1.5353748748566314,1.5525487767885546,0.2874494831816085,2.749319911691214,-0.4363688736207104,-0.7924827041996989,-2.5958837723735866,0.05959700997951753,-1.3105765875450646,-1.0481155519781953,-0.9489362565049891,-1.1071103867468914,1.8545273364606514,1.8899786425682539,0.7913843305782804,0.5503975774823195,-2.522777371890422
numHidden 	5
numGenes 	48
minGene 	-3.0
maxGene 	3.0
popSize 	40
maxEvaluations 	20000
mutateRate 	0.01
mutateChange 	0.05
seed 	1554917093182
random 	java.util.Random@76fb509a
neuralNetworkClass 	class coursework.ExampleEvolutionaryAlgorithm
Training Set Training
Fitness 0.10093153725025844