0.1808263803575869,-0.40154988003563474,2.1955500662241523,1.3443393934860852,-1.2367515234404658,-2.237400626423656,0.3450171347438644,0.912836592536006,-2.0810059823879583,-0.9098900434468336,2.419332623961414,-2.5420359388540805,1.5716902523746707,1.7067078743060229,-1.1817038093978502,2.755606095883927,-0.9154422188259863,-2.5370418770482694,-2.623361685049665,-1.8073276711215869,2.754186968704631,-1.529538726743758,-1.0481800941078758,-0.12353329588967732,-1.0967667395943608,0.7620403758245375,0.44787954290587617,-1.1866713284739379,0.5856453548577729,1.3488077927172784,-1.4776615655230474,-0.563727437463601,0.3692072046156101,1.3200451821864458,-2.606904542483772,-1.3968554007348017,1.0488492613318057,-1.5576190693418726,-1.7303372271663962,1.4661151083147779,-1.5296450172333038,-2.0372084326176125,-2.02198108487168,-1.6698769608287052,-2.09223871983262,2.0055044572696605,0.3307757331223744,1.7721817081732878
numHidden 	5
numGenes 	48
minGene 	-3.0
maxGene 	3.0
popSize 	170
maxEvaluations 	20000
mutateRate 	0.1
mutateChange 	0.05
seed 	1554928985945
random 	java.util.Random@76fb509a
neuralNetworkClass 	class coursework.ExampleEvolutionaryAlgorithm
Training Set Training
Fitness 0.19742724500432166