1.1375418517674651,1.9096307065667295,-2.454587424230759,1.6342547290636782,1.0463061247561445,1.2280864494239196,-0.007276783580055124,-1.8542047993592117,0.3596785495636121,-0.7659585764388375,0.2512879507446555,2.2772011328762174,-2.471698346579396,-0.3273949961567548,-0.09973067138856351,-1.834890246567991,-2.545928055416085,2.3084264831774988,0.3005039153762228,-0.6538056303212691,0.15425274815522538,-0.5920111456395327,-0.4694674481200609,-2.0982816543713696,-1.3769074200678244,-2.4196565968404293,-2.4286232016042315,2.5125029534983874,0.9460680387553664,-1.1429136803453392,-1.9323618097123154,0.4135056347839319,2.876159425812652,-0.9064549705316853,1.1155428010033095,0.1571275020077385,-0.3266301705599357,0.911818815119851,2.089100126880604,1.9517907196326068,0.0379926096309644,2.4824845297090565,-1.4864073430873044,0.1372474528042673,-1.565071819281131,2.4554573145038336,2.4311602220536326,0.09050603127392076
numHidden 	5
numGenes 	48
minGene 	-3.0
maxGene 	3.0
popSize 	200
maxEvaluations 	20000
mutateRate 	0.05
mutateChange 	0.05
seed 	1554929391847
random 	java.util.Random@76fb509a
neuralNetworkClass 	class coursework.ExampleEvolutionaryAlgorithm
Training Set Training
Fitness 0.1951461100695875