-0.40420660413539355,-2.016409162073826,1.4301647109342692,-0.5166129683228151,-0.6664419594973565,1.6558405632873967,1.4090981964285225,2.9185637537013047,-2.2216672325030355,1.2541642481145612,-2.2527384540002298,0.8886629209139567,2.5291672161339145,2.1534009461872925,2.776369753882638,0.44171945846898986,-2.5047750519891427,-0.1734030156786739,-2.7738826566814208,-1.8030740457041414,0.20777028637862482,-2.0850024425803735,-0.6233977865457048,-0.8184019775884712,2.9594998971261006,2.1721816908862372,2.8034461380459197,1.2009446486563222,2.8678386941446483,2.771049132441348,-0.8762479031193475,0.439313173151783,-2.183761401879236,-0.5083340456381524,2.2272128100186235,0.9896233196414599,-0.9775552652361537,-2.2252319648532213,-2.50964382408017,0.4432555425577842,0.7151118951187847,-1.4699751343255238,-0.5769139212114416,-0.45429766169908303,-0.92992173438678,2.929957490301133,2.085347919982901,0.23384046886377519
numHidden 	5
numGenes 	48
minGene 	-3.0
maxGene 	3.0
popSize 	40
maxEvaluations 	20000
mutateRate 	0.01
mutateChange 	0.05
seed 	1554999626382
random 	java.util.Random@76fb509a
neuralNetworkClass 	class coursework.ExampleEvolutionaryAlgorithm
Training Set Training
Fitness 0.28910244875720886