0.16723710133775604,1.059119384923843,2.7543203583352778,0.9627956834589098,0.36626222439823586,2.2061575548590264,1.3057771950629942,0.8756317089727421,-1.380232714266331,-0.4349830302592599,-0.4045864194249842,-2.896379975339062,0.9165737251646879,-1.687125169693139,-0.4566217294315047,-1.6002090222382068,-2.4467355715836927,-2.106336037803062,2.5864018832587075,1.6019294321373154,0.12372674001025841,0.7749050020525154,-2.738484017108296,-2.1307731471618077,2.8213006597392356,-1.7033912154153659,1.155324858354744,-0.8825823539950699,0.7019072135332487,-0.4644730908871679,0.7568558909148813,-0.5112353460209746,-0.1797916391918033,1.793576586673825,1.734433837577133,0.8475551307565148,-2.6479851802242336,2.442311781363518,1.076948575081401,0.8835663591284515,1.9548375194914716,1.4158608324612825,-2.602693818324047,1.4352558311470762,-0.3053557829426694,-0.35720347207160863,2.490777547327893,1.1112282636182353
numHidden 	5
numGenes 	48
minGene 	-3.0
maxGene 	3.0
popSize 	170
maxEvaluations 	20000
mutateRate 	1.03
mutateChange 	0.05
seed 	1554927664865
random 	java.util.Random@76fb509a
neuralNetworkClass 	class coursework.ExampleEvolutionaryAlgorithm
Training Set Training
Fitness 0.2216541307180368