-0.1405488587216368,-2.7969121224111846,0.8485358547787394,-0.9565729161884677,-2.0145599893842876,0.09085579225520668,-0.4933678128437231,2.8069207329327934,2.3967335334966595,1.8868555291204894,2.325287019659883,-2.0423567845811847,-1.2784580662135505,0.39728843232773414,2.68529938267287,-0.429017307570676,2.732580083938675,1.1788900157829634,-1.1829357684598982,0.8521604205204163,1.6968510435852906,2.335316528834957,2.7947481230839903,2.239874851465462,-1.788534975981793,2.600271915593556,2.6959142011635464,2.431910426225307,0.0752383522197917,2.774210279878538,2.037863574181701,-0.140495470768899,-1.8967617433603414,-0.8892571271092358,1.1781317414834014,2.6353159882582116,2.0863606823596044,1.215678407098971,0.8802507494530749,2.9353812968731976,-2.6695507602113375,2.4259186505639345,0.6970605894428283,0.14849488465627836,2.3793886265622266,1.4772320760914397,2.2125240380122637,-0.06300534124307422
numHidden 	5
numGenes 	48
minGene 	-3.0
maxGene 	3.0
popSize 	40
maxEvaluations 	20000
mutateRate 	0.01
mutateChange 	0.05
seed 	1554999626382
random 	java.util.Random@76fb509a
neuralNetworkClass 	class coursework.ExampleEvolutionaryAlgorithm
Training Set Training
Fitness 0.3205934098957391