0.7391253034265346,1.7803458980995392,-2.145655256442743,0.6324905127112705,2.648316406885696,1.4529204818532744,-0.30602892346468025,-1.1757450523424497,2.524953341242881,1.4299250861467234,2.468022060772922,2.3916904267087533,2.8954034132425104,-1.4085677933545901,1.8852550054582204,1.4201654919390023,-1.2664086017901626,2.4854018015789663,1.7824989620214726,-2.956479785781273,1.7090277525902673,2.9453433647785383,0.8173290653649774,0.04808490467929616,-2.4772761252733195,2.931409460199717,-2.391536434466838,-1.3455526626773067,-2.0592001418743173,0.7179080003816338,-1.9188551858837393,0.5833511880793143,0.03988049352082612,-0.4986086513929635,0.6478152826254053,-1.817966704127188,-0.47982066278683,-0.60785066350289,1.1649451472256391,-1.005273333634668,-1.2785400473655542,2.5781116912691973,2.3549150658331808,-2.2940200279833523,1.193867543541856,1.2138290200243347,-0.4325941261745849,0.8678644274557414
numHidden 	5
numGenes 	48
minGene 	-3.0
maxGene 	3.0
popSize 	200
maxEvaluations 	20000
mutateRate 	0.1
mutateChange 	0.05
seed 	1554947641351
random 	java.util.Random@76fb509a
neuralNetworkClass 	class coursework.ExampleEvolutionaryAlgorithm
Training Set Training
Fitness 0.19841915115509404