1.31183727371375,2.2690087016278557,0.8313583875965014,1.2246858472480406,1.7135909219574845,-1.8293745277420554,0.33002492187157095,1.0202943375221203,2.5296002240162103,-0.6399338431495911,1.4105642387385693,1.7050095859472227,-0.3469618189391124,2.103719380902639,0.6199834902002963,2.593035744476899,-2.0330618286637594,2.5868858030348303,0.2536618928069174,0.41412521336970176,-2.7985749248436123,-0.43975678146250896,-2.6904147565747163,1.4729942195684478,0.8995491003466674,-2.5879622862378735,-2.997798498674748,1.2008632658794465,-0.6008680061835401,1.9127649415776062,-1.5350112059475594,0.6222570707341579,-2.0217308486303014,-0.8962812597028171,-1.1451931194603324,1.5785536079214637,-0.2601335688852666,-2.2871127524643624,1.842592964904509,-2.4443646470838,-2.5741749992509892,1.0812932380428828,1.433941877157686,2.6563513964167695,-0.8457803931655983,-0.13002064496878285,2.209599228580804,-0.3606391772575397
numHidden 	5
numGenes 	48
minGene 	-3.0
maxGene 	3.0
popSize 	40
maxEvaluations 	20000
mutateRate 	0.01
mutateChange 	0.05
seed 	1554999260498
random 	java.util.Random@76fb509a
neuralNetworkClass 	class coursework.ExampleEvolutionaryAlgorithm
Training Set Training
Fitness 0.14587509338906873