-0.7851404686749253,1.8587204911924982,1.922876577328454,-1.185299358396848,-1.8184576647976978,1.0804225680191797,-0.4773279862449771,0.9638745869391507,1.1042126550939049,2.8931596485474786,2.0838431653559484,0.15826188068740077,-2.318514801016744,1.1619925521630492,2.2662582170578816,-0.6202493749449229,-1.5022253710738722,2.6940051788695687,1.1624062232605654,-1.606731979910141,-1.059360519466995,-2.915481239324322,1.583968520212661,-1.4159590894742642,1.624814730640236,2.8896825673886015,-0.8596727031428353,-2.693373801691692,-0.3160429292218745,-1.7484003078114696,1.3245249263793868,0.09355108268211199,-0.07801651569809476,-2.6576171725287208,-1.9531990530167376,0.65538745957112,-1.8657523893495336,-2.578731419327153,1.9679393257958235,1.3755658653925016,-1.0853490749182995,-1.0858487857674008,-0.4157315328395361,2.962225051423209,2.9581536096784937,-1.2723636934191094,2.303269084229772,-2.9341281919109976
numHidden 	5
numGenes 	48
minGene 	-3.0
maxGene 	3.0
popSize 	40
maxEvaluations 	20000
mutateRate 	0.01
mutateChange 	0.05
seed 	1554927333512
random 	java.util.Random@76fb509a
neuralNetworkClass 	class coursework.ExampleEvolutionaryAlgorithm
Training Set Training
Fitness 0.28910244875720886