0.8447475574492893,2.081772508617079,-1.115581296161419,1.2366469568646536,2.1405560135096717,-2.059730770671748,-2.3313305388994316,-2.4958329803094905,-1.550130261116485,-0.734450862686431,1.535063486472371,2.8565812962915835,2.43472340248554,1.7420563681656125,-0.9070224518053704,-1.2200734314800548,-0.9006710255614436,0.8817258300953288,-2.577828168382966,0.06981542228469273,-0.012801031794134055,-2.0157037334161636,-0.06864167471206617,0.5417787212804392,2.8685032206216396,-0.43285089095427676,-1.4956655663202596,-2.897050686144655,2.4024605469376494,1.2626599158040426,1.565945768640523,-1.8335282150265664,-1.836137357892262,-2.8677808136712217,-2.4268135692184423,2.059943942168264,-1.235370127435611,-1.765246999178278,-0.2527044440505204,2.686617811115422,0.5805881604275811,0.11374429109807238,2.6107521490518595,-0.7569884294024716,0.8104589324453331,-0.36957114219368226,-1.9213791688576811,0.279001836233288
numHidden 	5
numGenes 	48
minGene 	-3.0
maxGene 	3.0
popSize 	200
maxEvaluations 	20000
mutateRate 	0.1
mutateChange 	0.05
seed 	1554947641351
random 	java.util.Random@76fb509a
neuralNetworkClass 	class coursework.ExampleEvolutionaryAlgorithm
Training Set Training
Fitness 0.1887797293496546