-1.4162502163541184,-0.17705355241443477,0.16611153015215924,-1.8865203399515187,-2.6717015399689417,-1.5781951714256062,-2.478810154166207,-1.3200719113398176,-3.0,-0.6444775149256736,2.736564005633066,0.37036175535905275,2.3438609953139387,-1.8129604861733721,0.12439563114893214,-2.3653351302338903,0.07666024781111702,2.083117451445174,-3.0,1.558659273924394,2.973266606800369,0.40186417089558735,1.2664977464233453,-2.0112247537468857,2.1381766844577625,2.6102107789716453,-0.19274995248272964,-2.707441232883096,-0.03191314700210807,-2.685584422455516,-0.9987174768279503,1.2265015558446477,-1.3304494829462463,-2.944542440393865,1.4227020917521025,-2.486545278613023,1.214131661252812,-2.631314927244793,-0.8145922375442839,-1.6776969881720454,2.488309204265229,-0.4977702283164528,-1.9412143941459998,0.227354065900089,2.913217824369017,0.6740554587212415,-0.41635701864429653,1.0983278637101477
numHidden 	5
numGenes 	48
minGene 	-3.0
maxGene 	3.0
popSize 	40
maxEvaluations 	20000
mutateRate 	0.01
mutateChange 	0.05
seed 	1554656195528
random 	java.util.Random@3e052d15
neuralNetworkClass 	class coursework.ExampleEvolutionaryAlgorithm
Training Set Training
Fitness 0.12754583687134613