-1.15518447402454,1.8694335021687118,-1.3224540223312826,2.918005153160883,1.5799744972247254,-0.408136939364919,0.8517490508956005,0.8897169508963998,-0.7565106809512399,1.6823654364199792,0.15686874482894408,1.138143890852346,-0.7981882380812944,-0.8263803411000055,-0.15037451538428126,-2.118775829570084,2.436440423187018,1.8431469288548001,-2.134129167734419,-2.8212048588573992,-1.9217564040491968,-2.191750513277136,-2.0402473350450054,2.431958265994183,-2.1590957159894213,2.281715677831473,-1.7192104104505028,-2.0871921907472677,-0.6280190454978394,1.77387200292811,2.4688740245791783,2.5700667150050567,-1.1025004611283546,-2.44413577648539,-2.0766108118096307,2.854221306555327,0.8309148747089701,-0.8341553159785651,-1.5836945647998621,2.2412924043824303,1.249699470461584,-0.8559612883136745,-0.32971530413908745,-1.4925697043333102,-2.6872579599704984,2.0244625681772206,0.911499296925105,1.6170611928860081
numHidden 	5
numGenes 	48
minGene 	-3.0
maxGene 	3.0
popSize 	40
maxEvaluations 	20000
mutateRate 	0.01
mutateChange 	0.05
seed 	1554999626382
random 	java.util.Random@76fb509a
neuralNetworkClass 	class coursework.ExampleEvolutionaryAlgorithm
Training Set Training
Fitness 0.28910244875720886