2.0059345888741973,2.1874704799906777,-2.7732955691335244,2.415039635450139,-2.908765462024372,1.622814016685921,1.9902634275285873,-0.883705066300041,1.455424567204985,-2.4095355297447982,-0.016774920954535144,-2.8249755749508867,-0.22612804797356922,2.8660267486139226,0.013698530072998594,0.9609666890631599,1.1996215515989217,-0.18222642967056224,0.46248649318192303,2.9672312888753334,-0.4054918836350079,-0.05375402948899888,0.9441894429385984,-1.722161494684596,0.14880182504742212,-1.1366639203165092,0.18713447570715713,-1.7977499322186863,-1.970050843354261,2.813817796990821,-1.4626597597523407,0.9679424019768597,2.71464740666627,1.277838039961102,0.224153615797976,-0.7336293807060521,2.609659137814277,1.0659303954577402,-2.804886694538463,-2.2105284448197846,-1.5445543328582856,0.6286562631186543,2.935018359412604,2.6731460013963195,0.8328728473075566,-0.9489720459167295,1.2291025366178125,-1.0190378019397794
numHidden 	5
numGenes 	48
minGene 	-3.0
maxGene 	3.0
popSize 	170
maxEvaluations 	20000
mutateRate 	1.03
mutateChange 	0.05
seed 	1554927664865
random 	java.util.Random@76fb509a
neuralNetworkClass 	class coursework.ExampleEvolutionaryAlgorithm
Training Set Training
Fitness 0.22055414186247524