-0.5554115912838498,1.1080585264434655,0.1573034403126492,0.36672247713998907,0.47718064002917426,-2.7330854439368437,-1.9837450975121114,-0.9742251976769909,-2.5170194820533407,-2.07004734963214,-2.4350911161083557,-2.8729142040855615,-1.7900932545457402,0.8420309513979571,2.680689825919556,2.7917698985083677,0.8936090201568927,-2.555874140906605,0.32245253380897676,-2.6408356085301534,1.0714490094207196,-0.2397700486341101,0.7373305841170517,-1.7354830015736915,1.2456786490190623,-1.6097958706641706,-2.9620090077254195,2.0465241759989823,0.597899262534987,1.1715130147446837,-0.6485952071558643,0.44510828241301326,-1.8106844487741787,-0.5229335968691791,-0.808584967042957,0.9228674010901741,1.2512101497278962,-0.041812196275680336,-2.903939552572904,-0.24581787267785415,-1.7225036578752275,-2.1789706057667417,0.8967763544041354,1.0740052415654047,2.676121045186111,-2.5584539210301442,1.2502760908319503,-1.0360872588624708
numHidden 	5
numGenes 	48
minGene 	-3.0
maxGene 	3.0
popSize 	40
maxEvaluations 	20000
mutateRate 	0.01
mutateChange 	0.05
seed 	1554999786510
random 	java.util.Random@76fb509a
neuralNetworkClass 	class coursework.ExampleEvolutionaryAlgorithm
Training Set Training
Fitness 0.24052900547274925