-0.49451795535560805,0.7193589463712611,-0.9671404350834156,-0.6175290366452355,1.8011555109773,1.3256045692198377,-1.0608431395025693,-1.9342851112843484,2.989309686549114,-0.5457182674949972,0.07853828650490247,1.0230210953005603,-1.86699637587586,-0.7577036655000917,-0.2493818350921515,-2.4912474252823156,-1.2321499435650118,-1.7675348822276622,1.339332398471277,-0.6432920194025749,2.269310491628328,1.8415095366880774,-2.858913788678212,0.6203551056134442,0.7011300187050136,-2.9385695741856095,-1.8460092425442638,0.5130661923524942,0.16682021861179175,-1.2112656244665614,-2.908689122322345,-1.1300271329565383,-1.7220981780245124,-0.6853461322642991,-0.5572084473846037,1.2104810971523872,-0.6180896426591849,-0.41432508974053484,-1.5944171344935543,-1.7245907666560565,2.659968021340286,1.857357686739367,-1.0579772949596382,2.6451331151617623,-0.8919795895210334,1.315609039236329,2.0945901853932165,-1.2849560092080605
numHidden 	5
numGenes 	48
minGene 	-3.0
maxGene 	3.0
popSize 	40
maxEvaluations 	20000
mutateRate 	1.03
mutateChange 	0.05
seed 	1554921797151
random 	java.util.Random@76fb509a
neuralNetworkClass 	class coursework.ExampleEvolutionaryAlgorithm
Training Set Training
Fitness 0.2691124442930452