0.6664586783837092,-1.1390074716672227,-2.8010685609284947,-1.851211362765282,2.2293930466726186,-1.1230349605580214,-0.5344624621319025,-1.5598288804505211,1.4030998276460904,1.1005159765208452,0.487321323267655,0.04778963556609028,-1.2351694920771419,-0.5232501951246356,0.5728024693589164,-0.9233407706702437,-1.5564272447946734,-1.2318917682896768,-0.4175939690250683,0.9623589768644227,2.4316037032886744,-0.028862851597498018,-1.262956748985273,-0.5341877753724882,-2.2011629487488493,1.673872261321221,-1.824964261729446,1.0008668442781445,-0.1810674574240645,2.2646701361347166,1.6130344323500703,-2.893130110705352,-2.493622955166064,-2.622076953667556,-0.6994321207419842,1.446791694749427,1.7414774858050537,2.1242034496238773,1.4793428936202613,-0.03268799795248167,0.025439923915080875,2.501992927396671,-1.2325989084645261,-0.19935835763200282,-0.03955431801133091,0.9252628006703789,1.2847200950433475,2.11871257971773
numHidden 	5
numGenes 	48
minGene 	-3.0
maxGene 	3.0
popSize 	40
maxEvaluations 	20000
mutateRate 	0.01
mutateChange 	0.05
seed 	1554999260498
random 	java.util.Random@76fb509a
neuralNetworkClass 	class coursework.ExampleEvolutionaryAlgorithm
Training Set Training
Fitness 0.24863087730615635