2.3872209757356346,-0.6975539365425725,-2.1254828703390207,2.1268392514151344,-0.942534997638929,-2.6920473580535784,2.982500194235371,-0.8233066895452277,-0.3949621831668382,-1.954662918067454,0.10722008865284938,0.9917097173970411,-0.48801162092139005,1.162465387011439,-1.9979505211414914,-0.5685283658776124,-1.0909403784304583,-2.9984404785882415,2.0863903089177205,-2.937509502824782,-1.5900422587292173,-2.4464104477112283,1.526349670044299,1.7835261260244621,-2.7848477685333544,1.7083651118441239,0.35102758555291835,-1.6428293989771363,0.40750582526061674,0.7358090444594216,2.6741794372743417,-1.2334204811803864,-0.7336630225773733,-0.11492603550409264,-2.035935322153261,-1.0138427443094329,0.7683075355370357,-1.1231697893161243,-1.3851630365082306,-0.6375762957169506,0.22283095191449576,-2.1097743517817715,-1.1791183114034536,-2.653786664802344,-1.7935105872693735,-1.5903077589415926,-1.0589517912647508,0.7997767555317461
numHidden 	5
numGenes 	48
minGene 	-3.0
maxGene 	3.0
popSize 	200
maxEvaluations 	20000
mutateRate 	0.05
mutateChange 	0.05
seed 	1554929391847
random 	java.util.Random@76fb509a
neuralNetworkClass 	class coursework.ExampleEvolutionaryAlgorithm
Training Set Training
Fitness 0.1390950367230502