-2.9109761198370716,1.9767170948328996,-0.9536247597300527,2.6677335689393376,0.48491657969036117,0.3829970126604261,1.6605309294016424,1.9236713326902475,-2.1510305996302286,-1.7514011814114543,-2.468089291776711,2.34133570925992,2.0939514603451457,1.0213960737079724,2.6543485710531236,-0.8179079158032541,2.5848778401902752,-1.1588485709443608,-2.105256357651495,0.1943678721814699,2.508742230984814,-1.4975786421519581,2.7582688978666505,1.5210067392282909,2.597442701835414,0.6775597101913737,1.3185106105659958,-2.8540115833001956,-2.7395189952057466,1.1844279950961596,-0.7099838917171812,0.8594562161993764,2.0101857886633105,-1.1685347148198713,-0.23434967559522146,-0.06320569155567846,0.825883446967397,0.5583201254932568,1.6235816140176196,-0.6182109252939796,-1.195388106171596,1.2132891865373612,1.0286415488807608,2.6757091119551895,-2.9153549732138613,0.3693601565450413,0.8102244743135985,1.5034344343103756
numHidden 	5
numGenes 	48
minGene 	-3.0
maxGene 	3.0
popSize 	40
maxEvaluations 	20000
mutateRate 	0.01
mutateChange 	0.05
seed 	1555000314316
random 	java.util.Random@76fb509a
neuralNetworkClass 	class coursework.ExampleEvolutionaryAlgorithm
Training Set Training
Fitness 0.2613136489259268