-2.25818831559482,-2.359704059584253,2.9602703970088298,-2.75767973078945,0.14844420739948738,0.07416901475075388,1.8069709508102747,-0.4922821869961451,2.5351888342553153,2.4415682346972076,2.181380637959819,-0.7801640301171,-0.039009394236944495,0.5139279426876779,-1.2423593187810775,-0.32619726933200566,0.4084915918196952,-0.3271250084598458,2.8611219128567065,-2.0394660060206746,-0.06270475414250853,1.9837518933596012,0.032179011651970235,-2.001255171133799,-0.38306282767339805,0.1881742327228486,-1.181930667818228,2.620729809467992,0.7570800201766121,-2.201331246244852,-0.39355198228732746,0.4642939128569141,0.5286215658017657,2.976480447898303,1.6087798495300092,0.39001127900439503,0.5830769386703469,0.8091906238202728,-2.6655732766509153,-1.4527141858836676,2.7287664048968034,-2.0221735784725645,-2.9339107089513043,-2.9455158080786736,0.11101505919564403,1.6136989775189967,0.9547102099790381,0.5377102388233244
numHidden 	5
numGenes 	48
minGene 	-3.0
maxGene 	3.0
popSize 	40
maxEvaluations 	20000
mutateRate 	0.01
mutateChange 	0.05
seed 	1555000314316
random 	java.util.Random@76fb509a
neuralNetworkClass 	class coursework.ExampleEvolutionaryAlgorithm
Training Set Training
Fitness 0.2585094335189731