-2.4481621902653523,1.834341172241932,-2.567048053625469,0.8911657136110724,-1.7796250755724523,0.9454851610626092,2.6835638010928378,-2.201559517758324,-0.9191577323451021,-0.5240179842337858,-0.5336371183984179,1.3037100401816275,-2.809618249981333,0.47042741519939124,-0.36719659281550054,-2.4302510576034155,-1.7355486413256993,-0.15701642820956874,2.4182923817624244,-2.2380903619201407,0.6875648165020989,-1.3774742274036438,2.381851794871446,-1.1253202795590747,0.916774278615827,2.860720260729244,-0.9419246436794682,1.8207514538596605,-0.5248974380660876,-0.24673500216528854,-1.3105183699789362,1.777168954511473,-1.9416994699398302,-1.2274273224771954,-2.547710980428212,2.4999175275937118,2.5419776036873367,-0.7042775906381942,-1.4289417046935857,2.472618682344369,-0.12267455072390376,1.334550617471578,2.63757292866669,0.3467871754660883,-0.9976714959858688,1.5353026422543499,-0.6932533304081332,-1.8395929781610756
numHidden 	5
numGenes 	48
minGene 	-3.0
maxGene 	3.0
popSize 	40
maxEvaluations 	20000
mutateRate 	0.01
mutateChange 	0.05
seed 	1555000314316
random 	java.util.Random@76fb509a
neuralNetworkClass 	class coursework.ExampleEvolutionaryAlgorithm
Training Set Training
Fitness 0.30906525531672574