0.4871517920717432,-0.9723926549125723,-1.0614326934163232,0.5714724426577829,-2.531209285248932,-1.6020550660872774,-1.9061219719568305,2.5637806523745574,1.6685619112048,-2.2787288592301733,2.953960540031236,-0.42136169414434477,0.6200967756481104,1.9489191235707857,1.3879857454235305,0.05514974611062318,0.01975552003199077,0.16150340943621355,-2.210234660982552,-2.6290948960588567,-2.5713802592368973,-2.994923290850772,-2.9422097206818205,2.2672625261702457,-1.7235902691329732,2.7540835840247517,2.993616208480499,-1.8271154174261424,1.7082795087300209,0.6450953403473703,1.330450889182762,0.013842614103452888,0.1416155502789911,1.3733549135900134,1.6487177098417796,2.815409109274718,-2.3363584619642075,-1.6702942785068466,2.417792273613502,-2.445055973869936,2.6017928388887945,-2.721471375519381,-0.6769695111673095,-1.6829118435769237,2.7375098740996417,2.7378563096400352,2.89462927994803,0.8317667116247796
numHidden 	5
numGenes 	48
minGene 	-3.0
maxGene 	3.0
popSize 	40
maxEvaluations 	20000
mutateRate 	0.01
mutateChange 	0.05
seed 	1555000314316
random 	java.util.Random@76fb509a
neuralNetworkClass 	class coursework.ExampleEvolutionaryAlgorithm
Training Set Training
Fitness 0.28910244875720886