1.6575698438588615,2.9869436079051503,2.6782107394175165,2.2285332156031146,-0.16183588460490217,-1.5176222753297195,-2.633335235965606,-0.6735108666960139,-0.8982086111966883,-0.19697809653310205,-0.9990606724114954,1.8480219465210652,-1.5291130004609386,1.250719972234834,-2.2502028404761223,1.3319085770313297,0.45611679241168446,-0.28205918259806495,-0.21476517533282502,0.7054168503642289,0.6976087998316571,0.19720623871203458,0.5342798079089004,-2.0525880152330673,0.7684622603287803,2.75423259077421,-1.274888317041441,2.627254638311949,-1.0372663050991295,-1.8599838852588209,-0.7793878915469872,2.939058276300674,-2.7837178824946784,-2.5348575356320397,-0.3226333826297729,-2.432329397625472,2.5725173433571182,2.0451449405753293,1.0505664096145502,0.8770407584456299,2.806273520910022,2.6487841857891903,-1.114821000111321,-0.4965690592984835,-0.042299778815229505,0.9416696363635171,1.1911762792373564,-2.534771909069872
numHidden 	5
numGenes 	48
minGene 	-3.0
maxGene 	3.0
popSize 	40
maxEvaluations 	20000
mutateRate 	0.01
mutateChange 	0.05
seed 	1555000314316
random 	java.util.Random@76fb509a
neuralNetworkClass 	class coursework.ExampleEvolutionaryAlgorithm
Training Set Training
Fitness 0.28910244875720886