-1.055487114806712,-1.15331854567147,-1.3138528821282995,0.8156339201837328,-1.579887901978348,2.8674363085064467,-2.3464866146477115,0.6899196723333976,-2.790380642244018,1.2824499220791736,2.926609352659657,0.6426277401479479,-2.738965176030902,0.820244457700241,-1.5560796280979619,1.0710610248230257,2.4788452391005356,-1.7971664346146448,2.286660121338671,-2.9869951372212507,-0.045625129733753766,-1.342827224126651,-1.6813633089310709,0.014125767259860922,-2.79173373598256,2.7499408852774776,1.5054523372381485,-0.5778123085442828,1.9001062499098271,-1.833801100108427,2.6639548573579352,1.297963574343317,0.036386840287326194,-0.4494845257580611,1.687775320324385,2.099524231910107,-2.7783380624088445,2.4646990161377893,1.527213100932311,0.700873772171331,-1.0510672575381657,-1.1106800589394854,0.37164935272192556,2.1477056005834587,2.3139659359894376,-0.49324420717486905,2.59009046334414,1.8323457023296763
numHidden 	5
numGenes 	48
minGene 	-3.0
maxGene 	3.0
popSize 	40
maxEvaluations 	20000
mutateRate 	0.01
mutateChange 	0.05
seed 	1555000314316
random 	java.util.Random@76fb509a
neuralNetworkClass 	class coursework.ExampleEvolutionaryAlgorithm
Training Set Training
Fitness 0.2121868020285941