1.1123775270103158,-1.1763950960776648,2.042651861395191,1.115122655816883,-2.211625940610797,-2.0640501022555475,1.4047972102391073,0.3707323683453918,1.5456903703853095,-0.8684270918748744,-0.5955586132688326,-1.3827184943985795,-1.3335277796849194,-0.5665465599794999,1.3802364040934414,2.2427208948173183,1.5542630906649393,0.8472325133489313,-1.5475538626521679,-0.5991112747250309,-1.4973065704879087,-2.457346045397471,2.687600933418304,1.4386698715248283,1.7011525681403494,2.5929552980658093,0.20249451865560442,2.6759984165175634,-0.4347285768230842,-1.6619315982812897,1.716255349177441,1.2988945323658916,1.306219818861437,-2.814470088629343,1.604139441680549,-0.657473303616499,0.41648949347612607,2.8485555288603788,-0.01088305605672879,-1.6044141817079725,1.4510102056878695,-0.35622609294361984,1.8272477381226517,-2.2509462091988235,-2.878886497848362,-0.46833594448043403,0.3002583716591918,-2.7582524252674894
numHidden 	5
numGenes 	48
minGene 	-3.0
maxGene 	3.0
popSize 	40
maxEvaluations 	20000
mutateRate 	0.01
mutateChange 	0.05
seed 	1555000314316
random 	java.util.Random@76fb509a
neuralNetworkClass 	class coursework.ExampleEvolutionaryAlgorithm
Training Set Training
Fitness 0.26235178685987404