1.0677914311302192,-0.7181309896584716,-1.3113796483355251,0.5606429681703569,-1.5494135642428835,1.541646960387669,1.088569523546835,-0.022937406412053996,-0.1564753908208809,-1.2014736007554445,1.7256858361249998,-0.9235105250578481,2.7601496344722003,-2.6699800251948584,0.9726285800507704,-1.2947426542547336,2.147392092268343,-0.6541001259860018,2.1625364788906793,-0.34358695008089546,-0.7565775324092581,-1.2063449869879106,1.7558102232540138,-1.23040165841469,2.3870879648717915,2.1298569418517346,-2.343068495016386,0.8815760677162849,-0.20355342508387375,-1.2595191042581713,1.994737417634683,-2.120217305816567,-0.08990983816573817,-1.80872715462995,-2.0255157388729397,-0.921917112829183,-2.601383795585466,2.424799364499602,1.6424610940780733,-0.46179904178603604,2.4047808812411953,2.3938675047759554,2.5738357071286186,0.8021008226832667,-1.0404613793480768,0.4315449331913799,2.60183315049494,-0.22012000689656652
numHidden 	5
numGenes 	48
minGene 	-3.0
maxGene 	3.0
popSize 	40
maxEvaluations 	20000
mutateRate 	0.01
mutateChange 	0.05
seed 	1555000314316
random 	java.util.Random@76fb509a
neuralNetworkClass 	class coursework.ExampleEvolutionaryAlgorithm
Training Set Training
Fitness 0.20412707524900112