0.9644904461425003,0.8800163232122129,0.597069298694056,-1.3138495848616165,-2.8636783515570974,2.734014413269337,1.020705697694023,2.3513914714476245,0.07045705361789034,2.4172063805292083,0.0456149021948713,-0.9791797160350848,-0.7817284695619486,0.33894044837385184,-0.3009844803225059,-2.2479837033673205,-2.1908928960730085,-2.8517421880825973,0.2778916899869879,-1.200683230567104,2.7329985060702295,0.8227658530526143,0.8214102226210054,-1.7729037164401649,-2.4463080927206216,-2.011929937545764,2.0214595740647168,-1.8772871379015075,0.6382237382908045,2.869558006180098,1.3534785493179173,1.880255048602903,2.965497460366519,0.776378683032811,-1.4953376121210809,1.9930139693828917,-0.31002834759716213,-1.0469968576724111,1.4090530028106167,1.1969056026632403,-0.012261090647407435,-1.9931968154050839,-0.6310513148960948,2.648865185228426,-2.89904630806374,1.930628435590429,-0.1505186483923331,-2.896470754186197
numHidden 	5
numGenes 	48
minGene 	-3.0
maxGene 	3.0
popSize 	40
maxEvaluations 	20000
mutateRate 	0.01
mutateChange 	0.05
seed 	1555000314316
random 	java.util.Random@76fb509a
neuralNetworkClass 	class coursework.ExampleEvolutionaryAlgorithm
Training Set Training
Fitness 0.23532699744125177