1.4522884687131707,0.7827450611995674,1.1533968891410664,1.589045710287314,-0.07996267198275131,0.48913777113322876,0.6607948235729797,-2.894883821760426,-2.807357038130763,-0.47122867664948664,-2.2810509186667094,-2.274826430120929,-0.06703015857630845,2.1806666684689766,-1.7172936930941811,2.8864779050272986,-1.5310694976470631,0.034792418014384374,-2.52946442976232,-0.6505834235353811,1.5637848899504458,0.46362857149491354,0.9069389544005806,0.3477707476857188,-1.499674348312518,2.6016322717328046,2.624080552586758,1.0534930984150392,-2.659782321701849,0.10940045160066791,-1.8202022144369698,-0.2978706116820167,-1.2040700196340781,-2.502629779481782,1.9440827501390041,-2.3081907885910784,-1.3336292734934256,2.7194451011170573,-2.261455737934172,-2.6269693665339338,-1.7614900053651015,-2.88001730750738,-1.816720392022565,1.0882601122125601,-2.554058815382387,2.628125665328996,2.213011108678332,-0.7003346591202639
numHidden 	5
numGenes 	48
minGene 	-3.0
maxGene 	3.0
popSize 	40
maxEvaluations 	20000
mutateRate 	0.01
mutateChange 	0.05
seed 	1555000314316
random 	java.util.Random@76fb509a
neuralNetworkClass 	class coursework.ExampleEvolutionaryAlgorithm
Training Set Training
Fitness 0.24052885102620078