1.5048283618572524,0.11093418959894397,-1.9092289896742134,0.39089453865685053,-2.4741766655197206,-1.6923750325262297,1.3750117258002694,-1.1630535551680075,2.5733929517514333,0.6997420675138746,-1.7063763487202965,0.9549713540831255,2.881037483197752,0.8113370304838066,2.3081131668272024,2.930452880004509,0.2924120655615643,-2.813751305970388,2.1006539569660383,0.29688133975759,-2.609731642683156,-2.357863060127035,-2.799078277340742,1.0755223542584975,1.6033448400582708,1.7589826858066928,0.46120934825493887,-2.4187411163339516,-1.5975260774481854,-1.871154735926148,1.2869868256760455,-2.5093601720175895,-1.726656300273353,-1.6082785345214727,1.8249941269733556,2.735060151760244,-2.3329734326645832,-1.9821073949757912,0.5433771857436911,2.1862972587540073,0.5805551645773619,2.170195219026498,1.8082958567390373,-1.0565740561279715,2.808503689664743,1.790197243106494,2.1688591683121796,-0.6905720127524546
numHidden 	5
numGenes 	48
minGene 	-3.0
maxGene 	3.0
popSize 	40
maxEvaluations 	20000
mutateRate 	0.01
mutateChange 	0.05
seed 	1555000314316
random 	java.util.Random@76fb509a
neuralNetworkClass 	class coursework.ExampleEvolutionaryAlgorithm
Training Set Training
Fitness 0.27482489513550373