-1.88690666659242,-0.7853256261710126,2.4329628589382732,0.6942710670346957,-0.8377539038609805,2.8879003772222553,0.922276091724398,0.5708731365793449,2.0085704438193064,-2.1203968169673515,-2.111308851862732,0.2505419374482507,2.9762216169660283,1.3161125523894555,1.8553433859775925,-0.4442804832170566,0.8963729219521919,-2.4743140948654374,0.5476008999204405,-1.1206812189764768,0.7810329752530101,-0.4095953502907016,-0.35637250640278717,0.553312677134242,2.7272757798232137,1.5538989679044715,0.20321761479398476,-1.7767044536857457,-1.2936434719203682,2.947829770088612,2.021327704848958,0.5771079805902382,1.1749389249030768,0.4735554091712757,0.625814018318315,2.4826829273442943,2.7459730887921694,-1.2225027702964202,-0.5400688636658022,-0.005793693366229529,-2.2606618461555392,0.46020475178587983,2.092065366209038,-0.6411924500154584,-2.3208032106462806,-2.831756506597499,0.1853437106436743,0.5064087498593978
numHidden 	5
numGenes 	48
minGene 	-3.0
maxGene 	3.0
popSize 	40
maxEvaluations 	20000
mutateRate 	0.01
mutateChange 	0.05
seed 	1555000314316
random 	java.util.Random@76fb509a
neuralNetworkClass 	class coursework.ExampleEvolutionaryAlgorithm
Training Set Training
Fitness 0.12788164345276032