1.1386925307536835,1.2536530370107553,-0.9299549501849218,2.7017419415000736,1.7497216819776913,-1.6328390069781709,-2.6881809375686996,-0.8338683309501871,2.6192138399718328,2.2351778918551837,-1.0571458028879253,-2.737893979074962,-2.9229757707858184,-1.0040082554709089,-0.6829877949752143,-1.6196521069143555,1.0262099463294607,0.8273701978109855,-1.0089700416467726,2.343902982826778,1.4178495903195953,-1.0329321062692587,1.9988693135334605,-1.8263266117283077,2.914506412859506,1.4655989769657074,-2.38136784755645,2.5451302985284148,1.6582872724771933,0.6902615224749749,1.2188982016583925,2.8995685504388415,-0.6143732845247216,-1.1525625567727522,-2.183745118858221,-0.10998698095590109,0.39459119359847694,1.4757480094189397,-2.0417786780426006,2.996190967851172,-1.9283230964109366,2.98568525639521,-0.5343183094661184,1.7347793260645803,-1.1762588582366809,2.881888670145088,-1.5736311229269695,0.920429697991322
numHidden 	5
numGenes 	48
minGene 	-3.0
maxGene 	3.0
popSize 	40
maxEvaluations 	20000
mutateRate 	0.01
mutateChange 	0.05
seed 	1555000314316
random 	java.util.Random@76fb509a
neuralNetworkClass 	class coursework.ExampleEvolutionaryAlgorithm
Training Set Training
Fitness 0.21449935512452362