1.2494960171770053,-1.8910006901249055,1.665166506501575,-0.26652978382903125,-1.561623466735835,1.962829888120992,1.168725969993404,1.3249201971881437,-0.5970932441436578,-1.4119376569402005,2.8379428493244925,0.913335668504704,-0.3046859836177678,2.728667473109356,-1.4679400844845758,0.46452480595731327,2.036992685607105,2.9164842870394168,2.2660835022011883,1.322575375010718,0.5646032870093798,0.9486117664968869,2.087098236324504,-1.7829765425252995,2.5609553860691525,0.3170402026098271,-2.3349243216458766,0.38824595515417526,2.2506936196485334,-0.6639362027329043,-0.525913853437868,-2.8540430046676577,2.816974540326642,-2.7889316707437004,-1.2652431423893422,2.1424839919644922,-0.6910048185877327,0.2278298065939488,0.5212315162052921,-0.9532000885158922,0.5614068561625278,2.6145107557475322,-0.39418501454120536,1.147080216299396,-1.364682188059878,2.4390849368451235,1.7219054706330095,-1.3111449439286162
numHidden 	5
numGenes 	48
minGene 	-3.0
maxGene 	3.0
popSize 	40
maxEvaluations 	20000
mutateRate 	0.01
mutateChange 	0.05
seed 	1555000314316
random 	java.util.Random@76fb509a
neuralNetworkClass 	class coursework.ExampleEvolutionaryAlgorithm
Training Set Training
Fitness 0.21495403498930152