2.4901809653745,-1.6890309299602781,-1.1265481975663412,-2.650706719559849,1.4706478470780784,0.8352160288444468,2.4405133711136218,1.486687890361508,-2.647290619142001,2.479300852905064,2.788516522569825,-0.16041007311404654,1.0414249552776234,-2.6525767906474345,1.3484975835386805,2.265737919908153,2.8146528800508523,0.009334182190287699,1.7346635382018842,-0.9574735091039117,-2.364598012128,2.5437389173109537,1.0360828788133638,2.847900756540663,2.8581488990777473,1.4978032807450194,1.5289222438856953,1.49521435431478,-2.7471129430483625,0.6020615586125242,0.5288931993003096,-1.6693154812913396,2.8468452155189095,0.5780642785526426,-1.601500894722259,-2.831129997468481,2.597490092335658,-0.6883443762991623,0.9560879018541364,2.045895437560376,-0.6384093728881499,-1.9621849482861358,-1.2963542744581955,2.9119444032192945,1.0138036876698884,1.993544864872188,-0.6023195335828828,-1.3361618964964384
numHidden 	5
numGenes 	48
minGene 	-3.0
maxGene 	3.0
popSize 	40
maxEvaluations 	20000
mutateRate 	0.01
mutateChange 	0.05
seed 	1555000314316
random 	java.util.Random@76fb509a
neuralNetworkClass 	class coursework.ExampleEvolutionaryAlgorithm
Training Set Training
Fitness 0.27391842379847514