-1.7272508035674359,1.693352399617992,0.3051573267991974,0.7558519488392457,-2.561531309127984,-2.2584370567308003,2.5192932927032574,1.5226958867178713,2.3990015151008173,1.8977177901554478,-1.3245004265781974,2.942262303901142,-1.5802668306367738,2.972841548229198,-0.16925315876415237,-0.574737921300458,0.38891389171999213,0.6688766989530617,2.826637185226656,-2.3058191583560634,0.3730830170668833,-1.589675405110627,-0.7632353440398596,-0.8748362369037865,-0.631783905385702,1.776561127508562,0.11450506449938747,0.23156259463404982,2.5766119487129835,1.0303733714478582,1.1671487471000752,1.3540234462566687,-2.884291781569237,0.7363073955967052,0.27721528159109443,2.5887928079009246,-0.4213137519243122,0.39796473814057576,-1.4757910796442992,2.390215916653638,0.31789827222450207,-2.5835653902298734,-2.970004791214672,2.125199038454542,1.7108211977171646,1.4825915971470502,-2.9415973811421594,1.1367019093189379
numHidden 	5
numGenes 	48
minGene 	-3.0
maxGene 	3.0
popSize 	40
maxEvaluations 	20000
mutateRate 	0.01
mutateChange 	0.05
seed 	1555000314316
random 	java.util.Random@76fb509a
neuralNetworkClass 	class coursework.ExampleEvolutionaryAlgorithm
Training Set Training
Fitness 0.26245439475029847