-2.362131340600659,-2.68903336648172,1.4191784144226203,-2.3437705240609086,1.2585642179070682,-2.4437080365584576,1.943458141776544,1.3943020478160442,2.1478925273857445,0.6155615935569396,-0.26026439399026824,0.5267057586303201,-1.3543071001634372,-0.14069206521129551,0.7195545834287582,-1.7084058149997974,0.7894397345004096,-0.6871321135944619,1.8358483086235058,2.000168023660346,-1.912170151539516,1.891183139225256,1.4519545703732213,2.0857981243475328,0.0591839178708331,1.8639155458063197,-2.5018810197236783,2.8111673997518993,-2.611882911960235,-2.9926421715591207,-1.0601589781242569,-2.965752604838928,-0.11989496181759485,1.1476700048688597,0.12733593424202905,1.1507266179206317,-1.3427569829640766,-0.514483407941654,-0.4221889591853416,-2.515198932447527,-1.7603295567962265,-0.7847737684848459,-1.3378256092568597,-2.0079643540838066,-0.7041997490998186,0.5121445806499505,1.5252154767100077,-0.832698978796734
numHidden 	5
numGenes 	48
minGene 	-3.0
maxGene 	3.0
popSize 	40
maxEvaluations 	20000
mutateRate 	0.01
mutateChange 	0.05
seed 	1555000314316
random 	java.util.Random@76fb509a
neuralNetworkClass 	class coursework.ExampleEvolutionaryAlgorithm
Training Set Training
Fitness 0.2890975335604213