0.47675571243654247,-0.11776767158314483,-0.6936522188226926,-1.2389350213440868,-0.06120334181475506,-1.2537291108247792,-1.3405474808019404,-0.5101715261567463,-2.2016770944574073,2.989174433456281,1.4477205517673895,-0.86226497623348,-0.3200981345762157,1.0630984824633156,0.6392484451590521,2.4371154712099194,2.635309627775719,-1.6110155466485336,-1.9956924332341035,1.6869181413578556,0.55119775871509,-1.5881595520810787,-2.9355164269492775,1.8320282031314434,1.1628816688483674,1.9737391208843365,2.7565494683820777,0.31144675465866456,0.07458276585024493,-1.1171110585864548,1.632302086300446,1.248019457873177,-0.9873759007784422,0.30518261080630404,1.9605125484766504,2.7692066023402235,-1.6982468599123426,-2.2098263051667324,-1.420440227336109,0.9026798414780082,1.2559375778998891,0.3664791346828049,2.769243426364694,1.5823299099008867,2.813651184814735,-0.7978494100120743,-1.232308666031436,-2.1704348996677227
numHidden 	5
numGenes 	48
minGene 	-3.0
maxGene 	3.0
popSize 	40
maxEvaluations 	20000
mutateRate 	0.01
mutateChange 	0.05
seed 	1555000314316
random 	java.util.Random@76fb509a
neuralNetworkClass 	class coursework.ExampleEvolutionaryAlgorithm
Training Set Training
Fitness 0.16045251693743562