0.3580327503741345,-1.5666067311052039,1.2717360295247788,-0.3565982762963489,0.5247321756587282,1.279941587024835,-1.7204442339758406,2.3961615520225266,2.0173370265568638,2.21791976161102,0.638270642465308,-1.5881334659626734,-0.5473493305704769,2.0246329072547313,-0.5198244590495018,0.2771056541984267,-2.629452508623036,0.4177855918455089,1.5901056533036435,-1.1311232699330018,0.551024361553897,2.6236031187933806,-1.9261020484531601,2.42758206220047,-1.827517264129386,-1.1760510630607508,-2.449087206343431,0.25312980223342674,2.5475085494525844,0.6342315716634976,0.40278253174086975,-0.7547278706303024,-2.251411563545633,0.26194501567688544,-1.0945252506255205,-2.5238933584453216,0.9498727512828262,-0.0687732831207355,0.30417811488729374,2.3869660615572963,1.7622695906770796,-2.468127991352547,-1.939556552915335,0.04371574105906095,2.2278224692679327,-0.7382151182308339,0.6084321508616446,0.16377906764571204
numHidden 	5
numGenes 	48
minGene 	-3.0
maxGene 	3.0
popSize 	40
maxEvaluations 	20000
mutateRate 	0.01
mutateChange 	0.05
seed 	1555000314316
random 	java.util.Random@76fb509a
neuralNetworkClass 	class coursework.ExampleEvolutionaryAlgorithm
Training Set Training
Fitness 0.2873988601230476