-1.312527588307685,-2.4247614169403846,0.9179450134316363,-0.3537475687681164,-2.955764456561386,-0.6741645592939585,1.3144184909851528,-0.6810344289114738,0.5221354143208643,-0.6185567905407376,-1.948043614494733,1.7275088159750283,1.7285153831386797,2.8079051584096826,0.7172031315657557,1.8005717459788055,0.40076744145033416,-1.7925809939655268,-1.230860681079333,0.511532704118494,-0.32715333216890397,-2.3947385635355656,2.285910916564603,0.8052141885313349,1.5033290626555216,1.84832182422495,-2.318966356499611,-1.0944431407498405,-1.748720908062354,1.9172378345395833,-2.828864412913033,1.4753422551332207,-2.037633726688232,-1.9480237993442246,-0.927673600215634,1.0658914207027745,0.44134126703293397,0.5262445031346399,2.2347030168685116,1.6989644425389336,-2.3618449655800977,2.279172070034617,2.09442233465131,-2.735119543442625,1.2636746886641328,2.423238813146389,1.9301929954922414,-0.29982294240004403
numHidden 	5
numGenes 	48
minGene 	-3.0
maxGene 	3.0
popSize 	40
maxEvaluations 	20000
mutateRate 	0.01
mutateChange 	0.05
seed 	1555000314316
random 	java.util.Random@76fb509a
neuralNetworkClass 	class coursework.ExampleEvolutionaryAlgorithm
Training Set Training
Fitness 0.26853908367576