3.0,-0.7644078848342021,0.3457228346837764,3.0,-2.3760270603944,-1.2821842170457145,-1.5497107908942849,3.0,3.0,2.547280099142858,1.5489591888493663,-2.431087639345887,-3.0,1.1400120360056505,2.7246728263456808,-1.6250089149514162,-3.0,1.2570891623920661,3.0,-2.209943132624815,3.0,3.0,-0.30228518803253235,-2.8183098312360717,-2.6997632397762317,-1.9358417445318516,-2.0791638846848888,-0.8610029615683108,3.0,-3.0,-0.9008867872294473,-3.0,-3.0,0.6147880655148517,1.2056154160336947,-1.0214670750123647,0.4739396719658857,-0.8001883896891968,3.0,3.0,-3.0,-0.6905171717864265,-0.5752917094795484,-2.757246572691887,3.0,-0.6478023095705876,1.1849402119259131,3.0
numHidden 	5
numGenes 	48
minGene 	-3.0
maxGene 	3.0
popSize 	40
maxEvaluations 	20000
mutateRate 	2.05
mutateChange 	2.05
seed 	1553870589610
random 	java.util.Random@6ced80fe
neuralNetworkClass 	class coursework.ExampleEvolutionaryAlgorithm
Training Set Training
Fitness 0.09399042004723075