-0.7299733702378264,1.6559500574912223,2.8261210693932526,-2.4512844857241927,2.5344865793391644,-0.8181175907629368,2.9196756805407302,-2.9913604813128702,1.737784672128269,0.4225857216721298,-1.9348095655431716,-0.0513876974159988,0.2387000361759961,-0.23938938410072197,-0.4016052802922294,1.6926014198516652,-1.9912048205001915,2.790364009545959,-2.3720719986131273,-1.17289484402458,2.6523419419507794,0.045929813074951475,-1.697191703764934,0.6294192469020294,2.362722772723828,-2.5632259749150403,-0.4096793329655499,0.7647929053130893,-2.533384787116664,-2.877771448859108,0.40215417470106374,-1.9316711385580108,0.8146848998399738,0.3349491618582352,-2.2672088214324653,1.9755340451621208,-1.1775608058952771,-1.1196657571736288,-2.762180342271046,-0.649030711578531,-1.552687597686478,2.6931944550128675,2.381015935675224,-0.9125033911531251,2.80797579973871,2.924753280931162,1.9177129618804187,-1.0908311810785076
numHidden 	5
numGenes 	48
minGene 	-3.0
maxGene 	3.0
popSize 	40
maxEvaluations 	20000
mutateRate 	0.01
mutateChange 	0.05
seed 	1554919144013
random 	java.util.Random@76fb509a
neuralNetworkClass 	class coursework.ExampleEvolutionaryAlgorithm
Training Set Training
Fitness 0.25422048220861876