-1.1579184421684448,-1.4667644228591503,1.3873805085743944,2.7398991289735894,2.3672098009735194,2.5910897315223913,-2.5003088940347125,-2.8031638687293414,0.5334212004838124,-0.847291334477918,-0.2601367927852474,1.7844722245737268,-0.0368586264519708,0.18121056206260544,-1.2393969045148325,0.43912599993497814,-1.1959549494543709,-1.1146235352930083,2.893801138867124,2.892491807812198,0.6796449291504558,1.6646560954038465,-1.7839202265370633,-1.0182516509750807,-0.24374220051871598,-0.8014499583449579,-1.6216070742112014,-1.843250258146913,0.02980231680323886,-0.6131487897498378,-1.0259704511582934,-2.164886817299072,2.262054025866238,0.09527345761977202,1.2642969521230203,1.97282185389549,-2.7403432040730094,-0.653455899994217,0.06358015595864153,2.37225087078002,2.3903620421509775,2.7200809075558094,2.50539597554768,-2.1586720685551604,-2.630366125290349,2.283925265060197,2.268482079284161,0.3468316670876854
numHidden 	5
numGenes 	48
minGene 	-3.0
maxGene 	3.0
popSize 	40
maxEvaluations 	20000
mutateRate 	0.03
mutateChange 	0.05
seed 	1554920118537
random 	java.util.Random@76fb509a
neuralNetworkClass 	class coursework.ExampleEvolutionaryAlgorithm
Training Set Training
Fitness 0.1799650172244147