0.9437961146321889,0.0930177317558332,-3.0,-2.431018139536874,-0.5949333923746938,-0.40425185922863005,3.0,-2.722762611582765,-1.6173037229696248,-1.368147712106909,2.0073581403657763,-1.3975391593976443,-0.23030836254732243,-1.9737194719033244,-2.540938935391775,2.090185359880716,-0.04599667327457482,1.6975852546869563,-0.6082312662750481,1.4154462570436896,2.6254530126131814,-1.5484712413713273,-1.1435537766700405,-0.7500917282548576,-2.5410946772539402,1.3360049297879928,-0.9655634980494628,1.5140281885274545,0.5171278316574176,-0.6117138757662834,-0.6721689564579703,-0.9654565800424809,-1.712331881171773,-2.7397199905921545,0.8804684344635069,2.983120767387848,1.234418730301334,1.2093479277095103,2.0045103651987133,1.7059618647791928,2.7704081031562247,-2.4683248900392014,0.3017641764411158,-0.12290134069715747,-0.6148971122355299,2.0527574739307055,3.0,1.896578223546559
numHidden 	5
numGenes 	48
minGene 	-3.0
maxGene 	3.0
popSize 	40
maxEvaluations 	20000
mutateRate 	0.03
mutateChange 	0.05
seed 	1554919702084
random 	java.util.Random@6c6c5de4
neuralNetworkClass 	class coursework.ExampleEvolutionaryAlgorithm
Training Set Training
Fitness 0.10159631937210775