0.747631968128851,-0.2271480367111378,2.4598346739202777,0.35692778975031914,0.14207325989345687,0.010117579031689417,0.9873087779005241,1.7499729562525683,1.6909995718265103,0.39479790248036783,-0.11780773575515369,-2.5594811488758324,-1.9647527628227757,0.14205989587799372,2.194638653416815,1.749009502298649,1.704450788179713,-1.4285616504870846,1.1016563445036383,1.8343105902829073,2.421666697953536,1.553580025886542,-2.8915704865739524,0.8380775209324565,1.470662556602254,1.961718019828579,1.8506041661219417,-1.397818677851905,-1.7394227587438271,0.11560553109371963,1.8031427349086409,1.3912593750702182,1.5488281074315307,2.453688846817072,-1.7537278630405622,0.7692560444887206,0.04681295119595452,-2.6451548707816173,2.8214717026513565,-2.0668849439272017,2.334128183494844,0.15405705295231442,0.9303708848130743,-2.6014192885648635,0.14569423993163078,0.9569448670152605,2.086845472102138,-1.0376343796846388
numHidden 	5
numGenes 	48
minGene 	-3.0
maxGene 	3.0
popSize 	40
maxEvaluations 	20000
mutateRate 	0.03
mutateChange 	0.05
seed 	1554920118537
random 	java.util.Random@76fb509a
neuralNetworkClass 	class coursework.ExampleEvolutionaryAlgorithm
Training Set Training
Fitness 0.2686403166124798