2.968598769461842,-0.9719980417742429,2.806781294336286,0.01238567938630819,-1.5201319236437503,2.49037549353537,0.08089682460721237,0.6436764963711759,0.19719863579025532,0.05540870587065827,1.7188671337933092,1.2042521056077362,1.94361488987514,2.6467018305858936,-2.1950386280897565,2.687773835188075,2.1354020225712613,-2.90956469337893,1.4432195015400593,-0.5470559513241002,0.9789520756783423,2.3360931055227585,2.6120352291073328,-1.687256673128155,-1.0846803386836588,0.8224035632664695,-1.9806517495293967,1.2451731393666048,0.37248472810291755,-1.1180119513081759,1.1190275882206429,1.680518212397354,0.9458661112207576,-0.5643632153954279,-2.021672977108648,-2.1036802173183147,2.625678129875199,1.5220455940039752,1.6530913950339592,-0.4350816536893891,2.625267388409794,2.4412754376550847,-1.8683148753117398,0.9496013217149413,2.7376160573878394,-0.5398852630964996,2.750416143134487,0.6340573084240444
numHidden 	5
numGenes 	48
minGene 	-3.0
maxGene 	3.0
popSize 	40
maxEvaluations 	20000
mutateRate 	0.09
mutateChange 	0.05
seed 	1554919952027
random 	java.util.Random@76fb509a
neuralNetworkClass 	class coursework.ExampleEvolutionaryAlgorithm
Training Set Training
Fitness 0.2619426615585084