-1.1811756738852646,-0.8594864127437365,-0.48420330140649703,-0.0676076079847614,-1.0860566540788499,1.172999497877072,-0.9485385373510509,-2.0525454725453294,0.8391001028462037,-1.2843332767847235,-0.681332122892834,1.0860416116189917,0.5946469904255971,0.9748479237121792,0.6148076149151307,2.917075342468877,-1.2669315758320547,1.6246490464950174,-1.455611663992566,1.0708170657345573,-1.969429179857769,-0.28189133560001967,-2.6153812256639597,-1.3520298810182847,-2.1294387236850065,-0.21674513767306092,-2.7999166124827894,0.9541514247371481,-1.264805170391211,-2.078376923501737,-2.4803203727681193,2.6614778319203483,0.9570288420905051,1.0920378350740148,-0.26140289392971816,-2.7920041379062397,-0.6738177888600854,-0.684808996396149,-2.5547709592842844,2.1421716727193614,-2.7207427626629617,1.2747870555866427,0.597515815507407,-0.7963624755735981,1.2146399908978172,2.718757314812435,-0.11467014557321775,-1.7971207323868392
numHidden 	5
numGenes 	48
minGene 	-3.0
maxGene 	3.0
popSize 	40
maxEvaluations 	20000
mutateRate 	1.03
mutateChange 	0.05
seed 	1554921547384
random 	java.util.Random@76fb509a
neuralNetworkClass 	class coursework.ExampleEvolutionaryAlgorithm
Training Set Training
Fitness 0.21041271109275358