1.4354011698371751,2.682479263300034,-1.6628943953317965,-0.5542540346781903,-2.330115836154232,0.979326197086519,-2.109850337177077,-1.3601774611519568,-0.48746095662944455,-1.9728926939621305,2.618058501192274,1.6195548184300144,1.4527663504370842,1.5004462356637918,2.317285285073254,-1.040893884020324,-0.07234437221334922,2.028578966593365,0.9686825679874209,-2.1679878820148373,0.16004405013138445,1.2472913858161023,2.7798063485740903,-2.6224424168604084,1.1751936797146705,1.8664364002962754,1.7407684893946493,-2.327701736867577,0.5326442478300093,2.6855835647239994,-0.04421697221512577,-2.0741911135551643,-2.379647551127647,2.0977799922860223,2.791849289687585,0.34590960785197744,-1.8937321768077242,2.1663235856774907,-0.8971889048409536,1.8822918521534442,0.3280492614218016,-2.1581319924949267,0.44132957999211353,0.7586411452998623,-2.975333892408898,-1.6928941782726612,2.2631027812888878,0.3420229680828637
numHidden 	5
numGenes 	48
minGene 	-3.0
maxGene 	3.0
popSize 	40
maxEvaluations 	20000
mutateRate 	0.09
mutateChange 	0.05
seed 	1554919952027
random 	java.util.Random@76fb509a
neuralNetworkClass 	class coursework.ExampleEvolutionaryAlgorithm
Training Set Training
Fitness 0.3106447033678011