1.4359480543288612,-0.4140308804647974,2.510354106983079,2.9114540221588463,-1.5728112534641505,2.588952348422061,1.4960284637195063,-1.0214360965214313,-2.4467081757953784,-1.3079198183272225,-0.1875542699345134,0.836738011148777,1.8156093604718562,-1.458360515684091,-2.7466651157661883,1.2416247283430009,1.9580084657929815,1.7173323102536635,1.6995124731610858,1.2289496382613878,1.2285313722101847,-0.321895829854403,-0.12412448120015807,0.6245788071190992,0.8219522175173379,1.3029183821844725,-0.3607627134441982,-1.7468655561188988,1.966307117181933,2.617967109804992,-2.8776141053016433,1.9786482849827909,2.3879549417756234,-0.6923276170591821,-1.3250222349088727,2.310344258654575,-2.1512900103954884,-1.6998150300440846,0.3446131026736361,-1.4062451353639327,-0.40492411127068095,-2.901046792190954,2.6316746522402896,-2.218017971209097,-2.106410294979161,0.6002893011232366,1.429246866639013,2.444023955473157
numHidden 	5
numGenes 	48
minGene 	-3.0
maxGene 	3.0
popSize 	40
maxEvaluations 	20000
mutateRate 	0.03
mutateChange 	0.05
seed 	1554919601550
random 	java.util.Random@76fb509a
neuralNetworkClass 	class coursework.ExampleEvolutionaryAlgorithm
Training Set Training
Fitness 0.18715817927968267