0.8447993009490702,-2.2377448775141695,2.952396991909575,0.6355791347595003,2.2472983700221647,1.631689890043912,0.5094155050807281,0.10713668246506103,-2.8269678476536977,1.969191352429272,0.29074062727894034,0.4155044208498184,-0.28070437878817156,0.645709940463119,-1.3868044414279839,2.2265795907005304,-0.30976083397854515,1.3372108986368962,2.8484448510094555,1.9560208006511495,2.758906018132322,-0.520252095184313,-1.1784921505415296,-1.0672848077523311,0.23080785215649957,-1.6774791095780455,1.3323856431984193,-0.3399254646213592,-1.4760331387093686,1.3652303951854092,0.8327236602096546,1.2456575652056134,2.2362130291183835,-1.1687178337325426,-0.360960718172608,-0.22140316147640782,-2.8861140630139466,-2.618876108618166,-0.8988444592193767,-1.6692042168026564,-1.633054377146734,0.010234453468951354,2.8690908486358104,-0.6581555581022105,1.5938627483142236,1.0040196219488529,0.8137622098267121,-2.5809133389292604
numHidden 	5
numGenes 	48
minGene 	-3.0
maxGene 	3.0
popSize 	40
maxEvaluations 	20000
mutateRate 	1.03
mutateChange 	0.05
seed 	1554921547384
random 	java.util.Random@76fb509a
neuralNetworkClass 	class coursework.ExampleEvolutionaryAlgorithm
Training Set Training
Fitness 0.28289544710785697