2.951325845479695,-1.263935535573749,-0.6139363050396969,1.996316055469749,2.0685332335381954,-0.5412118981318592,1.8836799488887888,1.1648661067104396,0.36070185612091654,-1.4162661008740003,1.6469260058880133,2.34061594732402,1.7771229352310733,0.8495289783326245,-2.4771404956363186,-0.6884993064886404,1.2749710551709779,-2.4618003996531725,2.708032738382623,-2.634065728102919,-1.1578114818929854,-2.411238842859443,1.591959933321089,1.2584694297075414,-0.8954253420867655,-1.3862767827930702,1.8665204013496712,2.8946240011978785,0.5148196476415894,-2.1998644274811747,-1.0589681660500805,-0.3743155155712943,2.1270853414659907,2.292041080196057,-1.6976637038999287,2.0032765241249963,0.6540925423355759,2.4539304229670167,1.746352266871197,-1.010018394529343,1.8845360471277948,1.4050300746895301,-2.6178458616638096,-1.0437400656723828,0.6070042689083017,0.3919911345101772,2.971750319853964,-1.684575745657761
numHidden 	5
numGenes 	48
minGene 	-3.0
maxGene 	3.0
popSize 	40
maxEvaluations 	20000
mutateRate 	1.03
mutateChange 	0.05
seed 	1554921547384
random 	java.util.Random@76fb509a
neuralNetworkClass 	class coursework.ExampleEvolutionaryAlgorithm
Training Set Training
Fitness 0.18610676753900943