0.007282026927216467,1.333201143012694,-2.7736886556012035,-0.7521952851800946,0.72109801284418,-0.1475512166725208,2.2753731970692526,0.2137873048119152,-1.16482312900446,0.9829905503505278,-2.780099489400288,1.3011096367413755,0.04688314878332278,-1.6205585308721964,-0.40384148662377983,1.149431625247911,-0.9448853498378336,-2.058201386733592,-1.2993524215834675,2.1468345387752397,-0.0202696731356804,1.7174671747252948,-2.3872020002686662,-2.9623563524540755,-2.663686888292226,-2.23136178485117,-1.1165575028816839,-1.1734918815406692,-2.469194504181184,1.500320362673353,2.864346895752398,-2.8980364191951162,-1.7180849387370538,0.4970603235949387,-1.3088118828486561,-2.200803693224316,-2.489951250022183,1.6566186471824906,2.656981122077968,-1.494296150694046,-1.95010939936752,0.33660728079977664,-0.8749393062526298,1.6850381585038194,0.049601875178648225,2.345325037678885,-0.7696605679407948,1.6527966560042513
numHidden 	5
numGenes 	48
minGene 	-3.0
maxGene 	3.0
popSize 	40
maxEvaluations 	20000
mutateRate 	1.03
mutateChange 	0.05
seed 	1554921548080
random 	java.util.Random@76fb509a
neuralNetworkClass 	class coursework.ExampleEvolutionaryAlgorithm
Training Set Training
Fitness 0.2681456106820214