-1.4351986298213306,1.1219706894218948,0.5275895657441998,-1.2494003065078414,-2.912825120673224,2.2621754187874155,-1.113443449144074,0.6914300281967702,2.550148192697896,-2.9952859013580286,1.7192698261488921,2.5353646364286604,0.3119918809574189,1.8770375997578288,-2.678467641622471,1.585429415499041,-2.9686015096469975,-2.933885910537458,0.294895684776908,-0.4373110069602917,1.1948610524297223,2.0077660101459056,0.2536300510023226,2.806075764323486,-1.2158360574264866,-2.6257182468647424,1.9355697167825827,1.8000276181812778,1.558289537526365,2.4809942801066356,-1.1418703489119786,-1.4151918949642308,-1.3200949847237622,1.9977505075072655,2.5104005041653465,-0.18663853486165927,0.35995106108231933,0.9039328593613298,2.6093353552954612,-2.3849565739532106,-1.1752839413348788,-2.134075043101465,-0.8273459620533741,2.0105508130558825,-2.7718628484839174,0.6436526853100171,-1.9268010860495406,-0.6061421752056706
numHidden 	5
numGenes 	48
minGene 	-3.0
maxGene 	3.0
popSize 	40
maxEvaluations 	20000
mutateRate 	1.03
mutateChange 	0.05
seed 	1554921547384
random 	java.util.Random@76fb509a
neuralNetworkClass 	class coursework.ExampleEvolutionaryAlgorithm
Training Set Training
Fitness 0.23358932175034416