1.0728332768711777,-1.0185343864704248,1.5996485144673276,2.5298434673242483,-2.050507125352023,1.344926843499259,0.06619203697820986,2.1688729710029007,-0.5229634214940728,-2.2647855740317664,-1.677279174717528,1.9029220389261141,0.13794233008159607,0.8644936522971127,-1.0237765877919296,1.267325161909313,-1.5093961781752057,-2.7044153194469507,-0.17898583039599192,1.1175653586553995,2.5427253486637973,-2.336246391332045,0.03539567951412792,-2.139884289757671,-1.9302402283675337,-0.5603997455845695,-1.596466043424131,0.8765703744207709,-0.9519930737325142,1.2615471090399053,0.5241575592949426,-0.1712536962492428,0.8778489025282714,2.981667986898765,-1.9327048703351561,1.9914262738329231,-0.7340437890122216,2.8713265713389404,-1.0726183795611621,0.40589104238723506,2.5161613693912086,2.9233332979203412,-1.404329156380731,-0.5186193135820396,-1.4529473708965106,2.86506040897455,-1.7630030967355643,1.6931028988789087
numHidden 	5
numGenes 	48
minGene 	-3.0
maxGene 	3.0
popSize 	40
maxEvaluations 	20000
mutateRate 	1.03
mutateChange 	0.05
seed 	1554921547384
random 	java.util.Random@76fb509a
neuralNetworkClass 	class coursework.ExampleEvolutionaryAlgorithm
Training Set Training
Fitness 0.28667357050207276