-0.8580385369601133,-1.7952066468624466,-2.865632028849082,-1.2835814800145506,-1.2128790518299237,-1.75922218916866,-0.9967534045397279,1.3317221396978436,-0.7435282290077643,0.5852524579666567,0.1258450874337793,1.345708053864226,-0.8646375005785059,2.313849629913566,1.7053601365561706,-1.9269338459298857,1.4663633997298087,0.6275937304973125,0.14893889331700638,2.0484912472062264,1.2038499910026683,-1.557480246135714,1.5282163490524354,-0.5168498839994702,-0.17810257771836202,1.552510524828092,0.6642020455298536,2.612815619578126,-2.781753762591256,1.82403011388514,1.2165825345390342,2.813341738757477,-1.4214137019258253,1.637291798700458,1.522738934517597,2.708757810799673,2.574388077579634,2.2317603204803786,1.4845157388241486,-1.465625389410647,1.163995921888584,2.7447434051537645,0.5410091356101976,2.741899303173752,-1.6493178226719625,-0.4498086621727939,-2.306622613331469,-2.7543294460259924
numHidden 	5
numGenes 	48
minGene 	-3.0
maxGene 	3.0
popSize 	40
maxEvaluations 	20000
mutateRate 	0.03
mutateChange 	0.05
seed 	1554919601550
random 	java.util.Random@76fb509a
neuralNetworkClass 	class coursework.ExampleEvolutionaryAlgorithm
Training Set Training
Fitness 0.28702398365394033