-2.9687304114875084,-0.10917382649263185,0.14609527227249108,-1.5625545065192166,1.26528832452499,-2.4564824977221043,-0.988219633278145,-0.8515297743212216,-1.8340320385319273,0.11962531462308501,2.128587954360831,-1.9801094219693745,-2.4388888193675893,-1.7224985382031686,0.29550217282058977,-2.472630241218068,0.3941838371090256,0.5621755706710636,1.9840214537563172,-0.6447490587831908,0.23001198886894558,1.7133686781845823,2.8188160598037744,-0.028698370105460835,0.5717108853292969,-2.0942443192029243,1.5021531693873342,2.8470544960567388,-1.3051610601919341,2.3945598822885223,-2.0503903301598374,-0.24320976872870848,-1.9378076553822012,-1.4311382095695273,0.9807607723523208,0.08625399829138303,-1.3224213306059944,2.3817965445686724,-2.5777961738305506,-1.982256886834244,-2.030673063681708,-1.468883328901052,-0.06854826874186193,0.8312510139443279,1.9642171249456473,0.6053897714714243,1.2389008134862092,-2.6281002504439135
numHidden 	5
numGenes 	48
minGene 	-3.0
maxGene 	3.0
popSize 	40
maxEvaluations 	20000
mutateRate 	0.01
mutateChange 	0.05
seed 	1554919144013
random 	java.util.Random@76fb509a
neuralNetworkClass 	class coursework.ExampleEvolutionaryAlgorithm
Training Set Training
Fitness 0.2054442492603832