1.9739479289474655,-2.06279179786605,1.3323567330677362,2.4288765547861004,-0.20555082403783675,-1.3136338852016678,-2.232551470086891,2.820414366826933,-2.381926851804505,-1.9720359924074518,0.5861936142415045,-0.5366149276270411,1.7222221546938945,0.9161690812983476,-1.8685237064257105,0.13689431845845057,-1.0718335805977957,2.874665566731257,0.32572885268030305,-1.1622547616849739,0.099818979718159,-1.6450206364514657,0.7300034296908162,-2.6671584077662773,-1.5755934526251487,0.8492169650244961,-1.8796155542046638,0.4219101059863699,-0.3104249389202556,-0.49747831849323365,1.8070201908628531,-0.7162317311113049,-0.7851709465218946,-2.4767201697049765,-0.04183333099804898,-2.8241444144588526,0.22606123287400637,0.42934533070732384,-1.0837598074555226,0.840724945437922,-2.71971071996502,1.0962893644321445,-0.09501061508189057,1.244678108883015,-0.14642476090504486,1.6889085748272539,1.6265048674115583,-1.2672884626784988
numHidden 	5
numGenes 	48
minGene 	-3.0
maxGene 	3.0
popSize 	40
maxEvaluations 	20000
mutateRate 	1.03
mutateChange 	0.05
seed 	1554921548080
random 	java.util.Random@76fb509a
neuralNetworkClass 	class coursework.ExampleEvolutionaryAlgorithm
Training Set Training
Fitness 0.28921085472026786