-1.0888774186494585,1.2213646507661373,1.0910586569418452,-2.139820916963096,-0.21133172632633013,-2.2281459607349676,2.892953392110746,-2.82210749121011,-1.3181853735390263,-0.4716239635251904,1.5581314406424207,-2.9050668103486643,2.1587860956010747,0.5250589911482058,1.0253516401780765,-2.707895472646804,2.7991715441992406,-2.28888060053405,-2.022260171252146,2.8820381027142465,0.6026244305263742,-1.7381906371645968,-0.3555929168122116,0.8430928195263148,-0.5462942669407824,1.5099459696110724,1.4495602401106833,0.025096927671361513,0.5512563168681579,-2.652675485801767,2.9047976053868503,1.2432315444946953,-1.2678322157569197,-1.798819315158491,-0.9944842480899059,1.8259602204415035,-1.1715905588123798,-0.36577581764902733,1.445085441495845,0.5200196403744455,-0.4073514383335466,1.2476254544851386,-2.7993073093958634,-0.11990338036792814,0.3117880941409443,-1.11530129767894,1.472470704899676,0.18292399799425096
numHidden 	5
numGenes 	48
minGene 	-3.0
maxGene 	3.0
popSize 	40
maxEvaluations 	20000
mutateRate 	0.03
mutateChange 	0.05
seed 	1554919601550
random 	java.util.Random@76fb509a
neuralNetworkClass 	class coursework.ExampleEvolutionaryAlgorithm
Training Set Training
Fitness 0.21047080058015866