-2.948493596603141,-1.3179616503220988,-2.4527352578114465,-1.0936728854149762,2.164749622094983,-2.7360658738343777,0.8912517521624048,-0.9584400172860823,-1.282380486902299,1.3338542255106862,2.321947819256156,0.5002937702650736,2.354148071994781,-0.21611856533053952,1.288784833681679,1.1696581373514938,-0.3077848265497858,-2.8247912890456757,-2.4358505819011214,-1.2133657942432732,0.6613028536604748,2.476784847935125,-2.6413757283782657,0.6815667552229634,0.5872261012744238,-2.5027288340031326,-1.888113260822582,0.148307513110991,0.24789975460676095,0.13036679539405283,2.908911267912318,-1.7524324027244405,1.4347498234799385,-1.859020252319218,2.250417110925219,0.676233384023436,-2.6975766507517798,-2.23535667085898,-0.87669722853843,-0.9009336363342633,2.9749943229339557,-2.1249996084721072,2.9711019096622255,-2.9596163256191876,2.499918325240949,2.894098848242579,1.2562966899887087,0.07198677168457301
numHidden 	5
numGenes 	48
minGene 	-3.0
maxGene 	3.0
popSize 	40
maxEvaluations 	20000
mutateRate 	0.09
mutateChange 	0.05
seed 	1554919952027
random 	java.util.Random@76fb509a
neuralNetworkClass 	class coursework.ExampleEvolutionaryAlgorithm
Training Set Training
Fitness 0.2219849146913575