-2.4231240209322618,1.7098042893952499,-1.1721846555872477,-0.9158574692024788,-0.26601955285281176,1.7512864085343263,-1.3539850235741264,2.5110224151897667,0.6874186289041245,-0.46538769482593445,-1.4333426309665211,2.1801731854718525,1.428220275664055,-2.5133547292403837,-0.010352169735440633,0.47193639652069475,-1.5541429419777257,2.714724543128584,1.9357293971075873,0.782764628424853,0.4599614788890092,-0.8266711372442118,-0.27009679996001495,2.2807044779669874,0.24989196320449159,-0.6428984967904462,2.49656037261901,-0.5423658812434964,1.4727564407904763,2.337471969584349,-1.9456011101086745,2.938128319269009,-0.9701077313832055,-3.0,1.550750913666298,0.9078365089374042,0.6432548526507554,0.23250845800187234,2.117779265741705,-2.0245627644347035,-0.005155399621451506,1.3692810703528837,0.5913031254001438,-1.8750953080885804,-1.7071994819312406,2.6542589111786072,1.887069385046134,-0.24881199712651408
numHidden 	5
numGenes 	48
minGene 	-3.0
maxGene 	3.0
popSize 	40
maxEvaluations 	20000
mutateRate 	0.01
mutateChange 	0.05
seed 	1554572988158
random 	java.util.Random@2be6ac39
neuralNetworkClass 	class coursework.ExampleEvolutionaryAlgorithm
Training Set Training
Fitness 0.026887162627426395