-1.160548081278497,0.6922407854402713,2.5058783532056084,1.411211268313945,-3.0,-2.2221713386324082,0.7963957158309343,2.445343894138854,0.14214093654127194,1.91454955716246,-1.4481558580918807,0.8222203837407364,-0.6379355321782355,0.6605219460644438,0.8740266265366006,2.0348177178513325,-0.8998625608634307,1.2893689282478804,-0.37346527551007525,1.4382725199686481,-2.8751863980872034,2.2090331244696046,-1.6509187070122544,-1.2770028232930812,1.263113997509279,1.032269042030769,2.5533619244456074,0.283692027788214,-2.7349155990409604,-0.579412137553839,-2.982085411865034,1.6586843347237528,3.0,0.3265930993311391,-0.5693191821049141,1.5930721304628728,-2.4816839772615022,-1.4645492329556016,1.0122736886537025,1.2857097954716592,0.3712284804829935,-1.706596382307198,-2.8940370319912585,0.1322994914631606,1.757930090260135,2.79798424368738,2.744837148468689,-2.0412405456523426
numHidden 	5
numGenes 	48
minGene 	-3.0
maxGene 	3.0
popSize 	40
maxEvaluations 	20000
mutateRate 	0.09
mutateChange 	0.05
seed 	1554919830828
random 	java.util.Random@76fb509a
neuralNetworkClass 	class coursework.ExampleEvolutionaryAlgorithm
Training Set Training
Fitness 0.0949898949123363