-0.13976878458564013,-1.8703646521696737,-2.553621146615336,-0.523078265556217,2.3659462695853044,-0.4809399205278777,0.7173638642575852,2.104137416445118,0.9618885635255321,1.3404537825729461,-1.468864089838599,-1.9039817757568382,2.688082470101188,-2.1934064908476056,0.9878267429945922,-1.5445601590341673,0.6255549518914041,0.7645921583385049,-0.16426615176255766,-2.278697959757463,-1.1833918731557307,-1.1509060907129072,-0.6356070510078151,-1.3655960852919298,-1.5523050601545056,1.4694076506000568,1.738934500465346,2.8205752809989075,2.0189559063545204,-0.7493672669195162,2.225367416769604,2.7976430139894397,-0.46497495472269,-0.8437448865783823,2.5357342289966214,-0.5610150495417052,2.499758377022016,-0.9353842553165213,2.7388773572037257,-1.2099077400275688,1.6830857029666957,-0.9459298897644111,-2.163147641653401,-1.1642600982165163,-0.7487667884449514,-0.9284159943230126,-1.8011771457691923,-1.545973029957445
numHidden 	5
numGenes 	48
minGene 	-3.0
maxGene 	3.0
popSize 	40
maxEvaluations 	20000
mutateRate 	0.09
mutateChange 	0.05
seed 	1554919952027
random 	java.util.Random@76fb509a
neuralNetworkClass 	class coursework.ExampleEvolutionaryAlgorithm
Training Set Training
Fitness 0.27232944306725854