1.3446127985312373,1.1183453745372258,2.9311334611516955,0.18288910075825937,-1.5560208928379076,1.896904718658262,-0.12063371629696906,-1.7163848118133997,-2.29545821048763,-2.911721915473472,-0.4293955805552332,2.9691507090493117,1.7830126802824022,1.231255755289638,-0.8485386223453983,-1.1077217438447606,-2.218948931354176,-2.393268433764353,1.9620648357523933,-2.310268741328055,0.32987840971774096,2.3608622243739905,-1.618008269580053,-1.9740008321971736,-1.0429588091569153,-1.446389939848231,1.820871320485308,2.1738136795562975,-0.29403494109894357,1.8938375664085187,-0.6298054980431944,-1.2881799987786648,-2.944887949812371,2.920169875372231,0.4277930867018336,0.38673572521959976,1.1972290127833816,-0.17761049702732912,-1.6611272189524675,-2.9084025719742073,1.6903438734540046,-2.028827682911687,-2.2325932873029464,0.2534892488468712,-2.619160474179788,2.53452173629395,2.1191160270973555,-1.2965515636925442
numHidden 	5
numGenes 	48
minGene 	-3.0
maxGene 	3.0
popSize 	40
maxEvaluations 	20000
mutateRate 	0.03
mutateChange 	0.05
seed 	1554920118537
random 	java.util.Random@76fb509a
neuralNetworkClass 	class coursework.ExampleEvolutionaryAlgorithm
Training Set Training
Fitness 0.19081087975632113