-0.48589297843577967,-0.9659851070101793,1.1286638539883438,-0.14127357797306456,2.771578860433555,-0.23277345829477458,-2.564125385193659,-2.7013842549070133,-1.354666812854227,1.4745229668118802,1.5769127935655003,-2.611806529361184,2.285645572339228,-2.785818236547612,1.6590345445444772,2.4119689942839697,0.36410966408893175,-1.2707510581270278,-2.145413393695415,1.7375161346421193,1.3936739887079101,0.20069627989689182,0.632438632802487,1.5056179335521938,1.7633100042821812,2.0421091294069087,1.9426987839677226,-0.3245135857063785,-0.15993421445467995,1.8152451174048085,-0.7291784727889579,-2.7311891565919475,1.2510144604907971,-2.3530871933224313,0.6339257437762066,-2.335997892541741,2.8652460765280288,-0.9138090912758319,-0.9357855039208238,-0.5367896587672109,1.0659652704106133,-2.0125788800149813,1.9902189000160964,1.0543621233357299,-0.4023338066214192,0.8514081187077567,1.0900133016350189,0.4085629630009588
numHidden 	5
numGenes 	48
minGene 	-3.0
maxGene 	3.0
popSize 	40
maxEvaluations 	20000
mutateRate 	0.03
mutateChange 	0.05
seed 	1554919505807
random 	java.util.Random@2be6ac39
neuralNetworkClass 	class coursework.ExampleEvolutionaryAlgorithm
Training Set Training
Fitness 0.037935131544251974