-2.5779957557412274,3.0,2.366258537885155,-2.4665492529217374,-1.293532344886606,1.0178381130466665,3.0,-2.803481448681738,-0.8799447651343622,1.9183653886359768,-1.3439528702971248,1.544328152000118,-0.005647340009788393,0.8978761239012227,0.5517648733964299,2.2960621105421746,1.2871721496762425,0.022314757724352596,0.8106704313481007,-1.283748290566103,-0.6358561437155861,-0.644747609719971,-0.17109140956819177,0.06837720748567157,-1.598136234109764,0.029736275284951763,-0.4858224560535778,-2.374159346302409,-2.9056122565896634,-2.8085814559996107,-1.831532839461548,2.8320386529010597,2.886387042367429,0.7134218701784578,-1.595190402140403,2.2282485305401574,-2.8695862685856217,-0.004268733765218358,2.6332349457305435,-1.373438826252728,0.21625205613280055,-0.1031515829721566,-2.5592087925400224,-1.7962160749258225,-3.0,-2.749040194499366,0.3864275166294647,-0.9486573326882176
numHidden 	5
numGenes 	48
minGene 	-3.0
maxGene 	3.0
popSize 	40
maxEvaluations 	20000
mutateRate 	1.03
mutateChange 	0.05
seed 	1554921548080
random 	java.util.Random@76fb509a
neuralNetworkClass 	class coursework.ExampleEvolutionaryAlgorithm
Training Set Training
Fitness 0.10539474865908621