1.074357044467547,0.4656793185040975,-1.815234759563768,-2.722379798606999,0.9688658839891562,-1.8532764937144777,1.1026716670542953,2.4160887729984646,-0.23622067276938719,-2.2525534876193136,-2.519224791551216,-0.2427443694607243,0.4623258842343736,0.5806942629156304,0.822378675437041,2.126608263653245,0.2744073782548315,-1.0956307772951344,0.022574685571156827,-0.8076560135220396,-0.8881206735360192,-0.03245545069253941,-0.6125532289834488,-1.2390154404347302,1.523441976843058,2.621051939605021,2.9767625510935485,-1.8206978097375799,-2.0444431482317214,-0.21528028451949144,2.9173141064132935,1.5126660617116245,2.169161203266877,2.116169428916942,-2.1288279136838932,-0.43360356315470394,-0.7271873220612601,0.46631577546591707,0.06772706442206022,0.4006994970386142,-0.8487443187278929,1.1344473948957674,1.2205019175293836,-0.23875630009784876,-2.9257386115176383,-1.4489963868270508,1.249329232788531,-0.1935827941533761
numHidden 	5
numGenes 	48
minGene 	-3.0
maxGene 	3.0
popSize 	40
maxEvaluations 	20000
mutateRate 	1.03
mutateChange 	0.05
seed 	1554921548080
random 	java.util.Random@76fb509a
neuralNetworkClass 	class coursework.ExampleEvolutionaryAlgorithm
Training Set Training
Fitness 0.2261835729599076