2.0318339650687003,2.1358584765189645,-0.433663746982071,-0.7135709049528076,1.243428317344815,0.9460817398948884,1.4221614014220982,0.9595052861456175,-2.656758875762029,2.625538735587189,1.008794448871667,-0.7491137438427407,0.9578102414879011,-0.767966803399089,0.7672461731838238,0.6037276123208866,-1.9924963183699729,1.0399536189724268,-2.846911770224934,-2.013230271881448,-0.02433644373556554,-2.064064147368584,1.2019784411821552,2.1478982085655325,1.771659692571368,0.5801711096962787,0.541727640090186,-2.1060602263192774,0.5117645363727892,1.5630361183898422,2.935559204631298,-0.9957010867128613,1.485122531821137,2.8394537056883573,-2.021670816087647,2.7825232116799006,-2.7970529391845,-2.0363716677731936,1.792081090168856,1.83387475144829,-0.2525632300562233,2.0745353233548673,1.4794181744498331,0.42846038180499946,-0.3572395590939106,1.1977758134542116,1.6927880205698553,-2.2315310577860172
numHidden 	5
numGenes 	48
minGene 	-3.0
maxGene 	3.0
popSize 	40
maxEvaluations 	20000
mutateRate 	1.03
mutateChange 	0.05
seed 	1554921548080
random 	java.util.Random@76fb509a
neuralNetworkClass 	class coursework.ExampleEvolutionaryAlgorithm
Training Set Training
Fitness 0.24960511827722304