2.0921623434093757,-0.3585824096189727,1.1134088847412738,-2.544205427042142,2.432400226888788,0.4826390512356613,0.2750894445742924,1.029037036512383,-2.751364446535708,-0.870340526812011,-2.4616796812507618,1.0361959095095408,-2.5111264616883284,-0.5290296974834967,-1.4603197225056797,2.283621084791865,2.142447943785763,0.6806097981830099,-2.9251165654613205,2.130413845373699,-0.7303326229194953,-1.1506186601429766,-1.0817957829751141,0.8799049834716244,1.9156901798588404,-2.911885734730321,-2.3608630597839015,-1.1942560464304124,-2.736938649890748,0.6619900224644777,0.20724920544481318,0.7065810095079277,-2.5152373800770187,-0.005747873072976084,-1.497650535651888,2.1313711660396484,-1.1954490188777331,0.09441257851453688,2.110772392754156,1.1028759197110638,-2.746216532328635,0.12036779697444633,-0.010251006462184797,1.2899854258555523,-2.466154292722009,1.3756331382107962,-0.2794946048166089,-0.8599713513867848
numHidden 	5
numGenes 	48
minGene 	-3.0
maxGene 	3.0
popSize 	40
maxEvaluations 	20000
mutateRate 	0.01
mutateChange 	0.05
seed 	1554919144013
random 	java.util.Random@76fb509a
neuralNetworkClass 	class coursework.ExampleEvolutionaryAlgorithm
Training Set Training
Fitness 0.2923336946204067