1.1432596164791615,2.5390999153491034,-1.2038807850899649,-0.44161001450488957,1.3342933454765786,1.536797085464361,-2.088211614708989,-0.4008108959531449,0.9704869889913299,-2.718066151467151,-2.1779631354995628,1.47106203454676,-0.4098433555199428,1.1695792884327023,-2.3531652318814453,0.7967146424756382,-0.5253510744436527,0.41585878293631673,-1.7035707268333249,-0.7565003758095541,0.37762508942560835,-0.7745814527570509,0.3896990200979795,0.5643013397396857,-0.8929184741235052,2.4990493426634846,-2.303154706867219,0.993489653119656,-0.6307777126062639,-0.6173217214943509,-2.1729394070850656,-0.4908852774707846,-2.85927071667523,-2.011766649201405,-0.042010774156779895,-1.5294434219794348,2.6308868870275983,0.08368382914476591,-1.5825340451994045,2.5763940952188786,1.627449263208236,1.4538542959854057,-1.120810446681529,-2.039696594213451,0.6900553974709971,-0.02458981957509554,0.822662034565246,1.5533415106774644
numHidden 	5
numGenes 	48
minGene 	-3.0
maxGene 	3.0
popSize 	40
maxEvaluations 	20000
mutateRate 	0.01
mutateChange 	0.05
seed 	1554919144013
random 	java.util.Random@76fb509a
neuralNetworkClass 	class coursework.ExampleEvolutionaryAlgorithm
Training Set Training
Fitness 0.26932188497051884