2.00165843087618,0.005519756445005353,-0.5261883581569293,1.5701824210862583,0.28135233456659536,-1.9074789227054048,-1.7716463520588606,0.11764382627928516,0.877027979491539,-2.2724114216411264,2.805111260348581,2.676597024768755,-1.1532105171325278,0.9787801286051732,-0.22392255528403204,1.9471120799539534,2.584855174814633,-1.6975782572570002,1.1237807266987296,-1.335099473869958,1.9579763106820813,-0.27462671428664276,-0.39562631943071036,-0.14524560611085047,2.3463501681555883,-2.4979760565616234,-1.7350613433669482,-1.9232486115638976,2.404394285787758,2.203474950383116,-1.258095080457169,-1.6673557998667594,2.2141734020567503,-2.774332704876061,-1.9563594032893172,-0.7020980872408442,-0.7008080722542696,1.1700025014362723,-0.46604534128344266,1.9804143337248643,2.6986844962929855,-2.5456886993498764,0.7844179460608203,-0.22007774728003415,-2.027536755987441,1.853810430841408,-1.147918507905986,-2.7672217073861076
numHidden 	5
numGenes 	48
minGene 	-3.0
maxGene 	3.0
popSize 	40
maxEvaluations 	20000
mutateRate 	0.01
mutateChange 	0.05
seed 	1554919144013
random 	java.util.Random@76fb509a
neuralNetworkClass 	class coursework.ExampleEvolutionaryAlgorithm
Training Set Training
Fitness 0.28910244875720886