2.1865101995689704,2.5637110641291274,1.1051339267111642,-2.148838868341694,-2.633441059658836,0.11721907085995387,2.2503064727217827,-1.309920030131675,2.5390500049724025,2.081099566811832,-0.6799615895586264,2.217234795525142,1.7876561602913785,0.768918246655768,1.9382940652834098,-1.4534349200573782,2.733844307752417,-1.1562804849259005,2.6235725206793514,2.9182272390394797,1.46483923509407,-0.5318770186104125,-1.0761250340616098,0.5132687455384626,1.7650458074122026,1.1680201270010224,1.291013577546706,-1.3910551622656473,-0.8391235886847408,0.4232343503462559,-0.6834881632065581,-1.6199621140099683,-2.4395824234395436,-2.495626204088231,-0.93341327585697,1.7511457962572754,-1.2716464167321864,-1.7315417155388064,0.5564342380819229,-0.5079809983409076,2.4830476652416893,0.50676976893938,2.894274037855647,1.2226314922126775,0.33666922077047445,2.0067270532527957,1.3033459903235247,2.156783370161347
numHidden 	5
numGenes 	48
minGene 	-3.0
maxGene 	3.0
popSize 	40
maxEvaluations 	20000
mutateRate 	0.03
mutateChange 	0.05
seed 	1554919601550
random 	java.util.Random@76fb509a
neuralNetworkClass 	class coursework.ExampleEvolutionaryAlgorithm
Training Set Training
Fitness 0.18489941241784916