2.966067656103685,2.0861328359244062,0.20144832571129045,0.249233860693991,1.2007057740473588,-1.8107320228610773,-2.151146298555207,2.2708382623937506,2.1169514658231456,0.7979960992611894,2.086213706217052,1.7373335435184316,-1.3815265772573446,1.5390237215385136,-0.8796331957988821,2.2868325692326783,2.0783649306109435,-2.2835632548989917,0.6918237019635556,-2.982557657898793,2.132421241064839,-0.4814558921699126,-2.5646995878249106,-1.5687233874771067,-1.4016946995033632,0.7235197683058465,-1.457010003693142,1.18082712889787,-2.3195414945023884,2.906958905589276,-1.9738306115356161,1.373736591971089,-1.686039607104886,-2.042805776924669,-0.8421589828665508,-1.6615011997510367,0.8814132807029362,0.6944539150935114,-0.34627758210524817,-1.912401284566894,-2.394723962546733,2.567677131183265,2.8110056477370193,2.2360865990278818,-2.3260611767841697,0.7680378902065623,2.1739171666583266,-0.15743240343788356
numHidden 	5
numGenes 	48
minGene 	-3.0
maxGene 	3.0
popSize 	40
maxEvaluations 	20000
mutateRate 	1.03
mutateChange 	0.05
seed 	1554921548080
random 	java.util.Random@76fb509a
neuralNetworkClass 	class coursework.ExampleEvolutionaryAlgorithm
Training Set Training
Fitness 0.28910244875720886