0.562737824889977,1.212258283959219,-2.2984705679888298,2.8924810904222866,0.7528237460589495,2.68175189358902,-2.533572284042329,0.4278121373202799,-1.8173025749077953,2.006786891507999,2.8893197036908864,2.490855194071276,-1.9347823717091137,2.5683482759710685,-1.6901322955138642,-0.354686036113093,2.1406115082292922,-0.7822990954071645,-1.9447066680391698,0.8975913212100952,-2.3038991076249404,-0.29192751217663204,0.9999473675460027,1.0758775208658786,-0.03802992986199616,-1.6609351684209364,2.0463327440567287,-0.11724711662722287,2.4208773634065084,-1.6030157850541231,0.7313789694322024,-2.261326724332493,0.8230742847386816,2.8395170178658447,-0.9886298186621456,0.7426951164218165,2.6435559217212408,-2.274090256141057,-2.1839548880355846,-2.5267209535925352,2.348024156778365,-1.8659530096004742,-2.8130073391614046,1.935994969551273,0.15290555162606267,1.7335558104901514,1.7275749328221526,1.736438392811852
numHidden 	5
numGenes 	48
minGene 	-3.0
maxGene 	3.0
popSize 	40
maxEvaluations 	20000
mutateRate 	1.03
mutateChange 	0.05
seed 	1554921547384
random 	java.util.Random@76fb509a
neuralNetworkClass 	class coursework.ExampleEvolutionaryAlgorithm
Training Set Training
Fitness 0.2593704124572176