0.8513130282401749,2.4210734520628225,0.8715422447700423,-0.2747144805937305,-1.5733358894840652,-2.6183805574536576,-1.9385533747028632,2.7717352440167504,-0.5376173817429737,-2.8470121225415634,2.356258381232375,-0.37211357267980816,-1.9408725922621368,0.00670026624989184,-2.673338495852685,-0.5967009386353235,0.3337537938405788,-1.1498039013241903,-2.1060136648455003,-1.2851788423611934,-0.9822431431818694,0.20425888025094707,-1.7051560319400059,1.5627909881661761,0.6600913635442778,1.8420531331974352,-2.75943979726107,-0.6522984497428688,-2.8364459812435596,-0.626840144959862,1.4957135829369665,1.7980191606332925,-2.453974916069016,-1.9225203602097622,-1.6440603620976524,2.4450807208319567,-0.33252489997162193,-0.49714044333484875,-0.5514734997502071,-0.6662696448175622,-2.799248792383138,0.7367832760467481,2.910181913982896,2.8975885632603244,-1.6512307651492821,1.8464464246821795,-1.6852852724620404,2.35558218787013
numHidden 	5
numGenes 	48
minGene 	-3.0
maxGene 	3.0
popSize 	40
maxEvaluations 	20000
mutateRate 	0.09
mutateChange 	0.05
seed 	1554919830828
random 	java.util.Random@76fb509a
neuralNetworkClass 	class coursework.ExampleEvolutionaryAlgorithm
Training Set Training
Fitness 0.22015190458650669