-2.695742652276205,-1.7125117554462068,1.4269202102328713,1.9666298402751234,-1.2369434996279356,1.1857951783758978,0.43983313662578344,2.640091786548967,0.29885433490449426,-0.8646914896376952,-3.0,0.6879856110915263,0.15095242001141107,2.8433474446154214,-0.8974464641689766,2.0547344015986413,2.078265307506208,2.444962187988094,-2.2011008276843,2.2941512445304917,-1.718511644806646,-0.7830028468371921,-1.693192222834793,-2.2958042928924405,2.9939752038283287,0.3749358208933336,1.96173086651318,-0.5386687503800813,2.409958276812917,-2.862807452959342,-2.154678779220498,-2.7341067761107283,2.1710977276512886,-2.1236679251213295,0.5921029413431651,1.6178582829470327,2.3798331808242317,-0.209345909529431,2.8674602156093254,1.4133883519971415,0.6187765949091324,-0.6252504866396611,-0.3590846277301277,-3.0,-2.1997944460059347,0.7737805083892539,1.4415731329264416,-1.5387839408801816
numHidden 	5
numGenes 	48
minGene 	-3.0
maxGene 	3.0
popSize 	40
maxEvaluations 	20000
mutateRate 	0.01
mutateChange 	0.05
seed 	1554919342941
random 	java.util.Random@4485dd8f
neuralNetworkClass 	class coursework.ExampleEvolutionaryAlgorithm
Training Set Training
Fitness 0.10744561309489993