2.8269852195249614,0.7353650628784214,1.8972460852313544,-2.5389834709493924,0.134256222133474,1.5918109736882577,1.8471871053654532,0.16984558653277482,0.18800510098766665,2.118916468891711,2.654027393917275,2.5756565608259008,-2.381271923881981,0.8192863979236318,2.9831202446007037,-0.14952042705435886,-1.473820374798368,1.2259835228813207,0.658435773492192,2.649553465648526,-2.438278312920316,-2.0130155007775548,2.362553828604735,-2.7821324286704074,2.4878882453047195,-2.2678040192530347,-1.1400140192789467,-0.8320944413585876,2.490497912713635,2.4763885092185696,-1.5599456484443226,0.37628404944039495,2.3448132917621454,0.05945043720584531,-1.1795235457123205,1.6637747625029107,-2.6990784809711093,-0.6890849060114599,1.2352295489982934,2.577498383197442,-2.7453186998055585,-0.7512439969464859,1.850186579084725,1.685872953508614,-0.5907463740318093,1.6829966865172539,1.007439730174001,2.3261958511931944
numHidden 	5
numGenes 	48
minGene 	-3.0
maxGene 	3.0
popSize 	40
maxEvaluations 	20000
mutateRate 	0.03
mutateChange 	0.05
seed 	1554920118537
random 	java.util.Random@76fb509a
neuralNetworkClass 	class coursework.ExampleEvolutionaryAlgorithm
Training Set Training
Fitness 0.2876627905169639