-2.4301937255490405,1.3873126383019496,0.4353562076570716,-1.1963140225441506,-0.2591385661554275,1.5462770169301203,-0.7647739096444011,-2.8544914756224165,-2.37678571258236,1.9584868141077072,2.962033820456279,2.081443835231772,0.37130936765905975,-0.23846381747150502,-0.6600642835028081,-0.19448044796799113,-2.4794690857207318,0.7538091345168736,2.0864659876512333,-1.3653118806544804,-1.998594566056382,-0.12949336702017966,0.149365646709545,2.7798889706236576,2.6456704929643395,-0.5196803504591161,0.9657613623371173,1.68577309482054,1.1782869450465663,2.7248557622016962,0.6586762660740382,1.3555345762007507,1.515648276428485,2.870972481281382,2.630770828813392,-1.705914660571193,-1.0460901869839896,-2.168281273263159,0.4976340585085972,0.3571132004216553,-0.46746870210098335,-2.3653689897786285,-0.27712744842066916,-0.11464525529228231,-0.5031970743303606,-0.32332021426813284,2.6746587582469887,1.0327140927746132
numHidden 	5
numGenes 	48
minGene 	-3.0
maxGene 	3.0
popSize 	40
maxEvaluations 	20000
mutateRate 	0.03
mutateChange 	0.05
seed 	1554920118537
random 	java.util.Random@76fb509a
neuralNetworkClass 	class coursework.ExampleEvolutionaryAlgorithm
Training Set Training
Fitness 0.2596281059157201