1.9735161608612157,-0.033551878853989775,-2.186847418713767,-2.2580682612715663,2.5662362197089665,-0.4198008513337966,-0.8816205992556668,-1.3895602848539639,2.7426794364149596,0.7589868951270964,-3.0,1.2552198320921468,2.9788054495376066,2.3126535849547065,0.27390308032005367,-1.974141186056717,1.7430722706457782,-2.8833568811619497,-0.4070372256259913,-3.0,-0.7911760561281547,-1.9653740661034602,-0.6933135502414065,-2.0854572547033987,1.2878140403892022,2.0909915822557585,-1.1700058038528298,1.1378590722305424,-0.9652244916244107,2.9856039615589047,2.47033216099704,2.6339192422351347,-2.3064006094015106,0.17614508217170965,-1.6553640311865747,0.7328404575218552,-0.7495438078061776,3.0,-1.2887079958861416,-0.37431253864120745,-0.9864733507460486,0.8398387602635091,2.3502907046359236,2.5187929977862895,0.7758455968354981,-0.1929288594143375,-3.0,3.0
numHidden 	5
numGenes 	48
minGene 	-3.0
maxGene 	3.0
popSize 	40
maxEvaluations 	20000
mutateRate 	0.01
mutateChange 	0.05
seed 	1554919144013
random 	java.util.Random@76fb509a
neuralNetworkClass 	class coursework.ExampleEvolutionaryAlgorithm
Training Set Training
Fitness 0.12572141566478193