0.31818425417311724,0.8425022001523184,-0.7698257307288587,1.668323141354997,-1.3573118519566265,2.7698595134689823,2.6678206427759656,-1.624592413740611,-0.9435842762751352,2.949067509498609,0.9485653573529365,-0.5213757818340934,0.8146369923243091,-0.16789036117680256,0.2442256802783218,-0.8519580048733073,-0.7029980457548768,-1.0113873060574428,1.9212250536496747,0.1359617717411825,0.01764760649446462,-0.3340496004135356,1.8423095382402508,0.47704009556041527,1.0837440033945347,-1.5616654561497296,-2.180446027982235,1.3735637938471204,-1.9259032314468898,0.308601860152538,-1.4982014784345996,-2.1604598173986123,1.1668476772699758,-2.344297179221878,-2.944169506165867,2.675322499204853,0.14023633635215482,2.8876926788846298,0.014297070175644855,-0.21996756235026105,2.6028049402094044,-2.435673684442703,-0.38549314756909814,2.682088974868398,2.479354949310572,1.0951506185430047,2.840949179178578,-1.5212977534518382
numHidden 	5
numGenes 	48
minGene 	-3.0
maxGene 	3.0
popSize 	40
maxEvaluations 	20000
mutateRate 	0.01
mutateChange 	0.05
seed 	1554919144013
random 	java.util.Random@76fb509a
neuralNetworkClass 	class coursework.ExampleEvolutionaryAlgorithm
Training Set Training
Fitness 0.18316492012703234