0.43505708162643586,-2.7659847737850383,-0.3638887999003586,-2.700384397266185,0.6230415292715477,-2.5906918819938705,1.9625826308284218,-0.6308747626679052,1.1767169210862196,-1.4036999909110084,-2.2364220449218055,0.5353442242763027,1.2871750769035017,1.7912131259752586,-2.690516215970364,2.4840384570969887,0.6190473871103501,0.11665363272767948,0.8604320342078422,-2.9711619242477285,2.583603973804167,1.257684922255283,-2.574776765981675,0.2672878535806782,-1.1626079439292436,1.957346276551915,1.9447323589856715,1.9823483254180179,0.9077186606631114,-0.4474851697758142,2.9876266511253116,2.3552041856768593,-1.5462950939092046,-2.6896983626014475,2.872396485443735,-1.1967143668327342,-2.78343573780559,-0.45802655449680785,0.8933735662467628,0.9429515222963554,-2.8048270682967575,1.1256860365598982,-1.9704191708300942,-2.700667979072092,-0.9970703861665933,2.1611123634468328,0.15393093486128606,-0.5536236425041068
numHidden 	5
numGenes 	48
minGene 	-3.0
maxGene 	3.0
popSize 	40
maxEvaluations 	20000
mutateRate 	0.01
mutateChange 	0.05
seed 	1554919144013
random 	java.util.Random@76fb509a
neuralNetworkClass 	class coursework.ExampleEvolutionaryAlgorithm
Training Set Training
Fitness 0.25080930800970186