-2.5563586507286233,-0.5943051329385751,1.4151969711041001,-2.2565889067153675,1.1901735615041673,0.05681807365029101,0.4217510662028108,-0.5036871482427427,-2.3105367665806744,1.2164397905820437,-2.217372920277426,-2.4994699953962516,-0.6954089095306553,-2.5682796530243186,0.4431735589429926,2.01837096063781,1.7742854672203174,2.32407198168991,-1.6411713165489021,-1.2645991471493159,-0.9928863407096955,-0.7666595604272333,0.3636312979979843,-1.530464092457522,2.9451367532562784,-2.0171741831689194,0.07752740005926695,0.264987231817873,0.046527437705525365,-2.818656257438877,0.022084899855762785,-2.100445581737275,2.348760715495379,-2.249993265338642,1.6200961641272915,2.949007533865789,-2.8264064680948455,-1.1796032612857381,0.947901687855599,2.855031850831044,-2.677835662052847,1.7972768941075108,-1.0098694213328203,-0.06656129110065345,1.0831461543845622,2.212982798150712,2.7149115122100724,0.9370853383012117
numHidden 	5
numGenes 	48
minGene 	-3.0
maxGene 	3.0
popSize 	40
maxEvaluations 	20000
mutateRate 	0.09
mutateChange 	0.05
seed 	1554919830828
random 	java.util.Random@76fb509a
neuralNetworkClass 	class coursework.ExampleEvolutionaryAlgorithm
Training Set Training
Fitness 0.2700281617474133