2.701208223646092,1.217839187089238,1.232858054357009,-1.074288749853015,-1.0010293550208125,-0.5091884504089497,1.0217483061695392,1.358909933036256,-0.5368324942300546,-0.6286221874853717,2.545325051026781,0.2713950384527011,-0.9667135160320841,-0.15570874403927482,-2.2533422623273607,-1.8357543294696128,-2.4161811578923453,0.6515930670977612,-1.1305530975231464,-1.7447088453333321,2.3212032379709866,-1.7272995309286265,0.5186440460341455,0.15643818720431657,-1.016368557620392,1.5321709715088963,1.4776387291226794,0.8020554489158598,-2.8880334696014,-1.2799077335647995,-0.3296208841841737,0.6256707093141456,-1.9278698965253884,1.3815284138804875,-1.837347239299505,-0.9025326861302556,1.6089300906456216,0.3904424777977944,-2.709888108959443,2.0378027815004778,-2.501596254287878,1.569996429573484,-2.118510269444815,-0.38779331920684657,-2.6596351500363227,0.9551133609763012,-0.8861899842394121,2.5910466592180015
numHidden 	5
numGenes 	48
minGene 	-3.0
maxGene 	3.0
popSize 	40
maxEvaluations 	20000
mutateRate 	0.09
mutateChange 	0.05
seed 	1554919830828
random 	java.util.Random@76fb509a
neuralNetworkClass 	class coursework.ExampleEvolutionaryAlgorithm
Training Set Training
Fitness 0.2917989375689973