-0.13218317176627803,-2.708960941240841,-2.3788723221052734,-2.594764935074215,-0.6971681543333412,1.7913329092014614,-2.8947870485375606,-1.4298370270632106,2.087804129844084,2.011162087478125,-1.5899731165046849,1.7989310430177534,-0.3532393340312767,-1.1262444778574636,0.7816624851677529,-2.959818441444308,-0.8734766708888628,2.0226813010441855,-2.200755911331573,-2.192436390377292,-1.892237845264036,0.9045583616698574,1.9258055566732866,1.3926653586231739,-2.8041846874648373,1.4293950229977312,-0.5643930048862029,0.29067576209006285,0.5329627815054536,-2.6955597499238455,2.2546967246477045,-2.5780350641846805,-1.5640506358683273,-0.8410792014438573,2.5073799010114026,-1.4019905429608517,2.2121639689377064,-2.2139843960616723,-0.4953800738380414,0.7328228216338504,2.7449895068333454,-1.7750910300214944,1.541250504398402,-2.458717358051815,1.6634470990717292,2.9897463347773128,2.1872445535992373,-2.1065135736801817
numHidden 	5
numGenes 	48
minGene 	-3.0
maxGene 	3.0
popSize 	40
maxEvaluations 	20000
mutateRate 	0.09
mutateChange 	0.05
seed 	1554919830828
random 	java.util.Random@76fb509a
neuralNetworkClass 	class coursework.ExampleEvolutionaryAlgorithm
Training Set Training
Fitness 0.28910244875720886