2.447698587267565,0.25179775721999187,-0.9147393632875751,1.886768922498228,-0.9996362987390444,0.2206241184881077,2.5881831040179986,0.7942770537541026,0.748710606180583,-0.31277881850136513,-1.9275524287635775,2.8141862342928556,0.13828517073187108,2.016140088467102,2.052334936210902,-2.906794002568975,1.5046543903595113,-0.15796298023600563,-1.9830744392959787,1.7947643869344345,2.196225220663205,-1.9942632029205374,-1.3351219219767134,-1.5904321085214297,-2.1604526763625094,2.211929113989835,-1.7115011337742752,-2.0757639178115497,-0.6225891066195759,2.184801959648011,-1.837003985884905,1.8108432305958262,1.8205963638785416,1.7053419278870354,-2.4238856028377675,2.6263658745332705,-2.5978210009743457,1.458950109010127,2.350137660979274,-0.22528790455235237,-0.9911598194690883,-1.8955535003740407,-2.637453981592212,-0.3148250336148548,-0.6133178838913471,2.3954547870528966,-0.336586459695571,0.2998305937414658
numHidden 	5
numGenes 	48
minGene 	-3.0
maxGene 	3.0
popSize 	40
maxEvaluations 	20000
mutateRate 	0.09
mutateChange 	0.05
seed 	1554919952027
random 	java.util.Random@76fb509a
neuralNetworkClass 	class coursework.ExampleEvolutionaryAlgorithm
Training Set Training
Fitness 0.3028155755162103