-2.426161192098371,1.2922700293833724,-2.608166971327382,1.1658392362031789,-2.6631481496581726,-1.7077402191695819,-2.5221476346267324,-0.6720125657783171,0.6271588206305032,1.223398492031201,0.11632804173841782,1.110606078762709,-2.434631626160738,-1.2089452385364483,-0.12551325573202288,2.5745117652561333,1.4975495437262172,1.1962821669523924,-0.0033197719068542852,-0.7237135507410777,0.47280660176065803,-2.501158869328571,-2.5188123650353935,1.571124632395084,1.9564023861995654,-2.2843083361571512,2.1891662454576677,1.5910635445720098,-1.5624518164069756,-2.7938332873299045,-2.043607748328168,-2.340234964795802,1.4484013041267358,0.9243309167807636,-0.24539374699029803,0.903066128909841,-2.694269066947241,-1.4141724773362667,1.9629490615474108,-1.749939660217863,-0.38086025042173066,2.7008118710598445,-1.2388551733281983,-0.10747816990450243,-2.720356129928406,1.7663678587639335,2.5447632226743586,-0.4189729045674335
numHidden 	5
numGenes 	48
minGene 	-3.0
maxGene 	3.0
popSize 	40
maxEvaluations 	20000
mutateRate 	0.01
mutateChange 	0.05
seed 	1554919144013
random 	java.util.Random@76fb509a
neuralNetworkClass 	class coursework.ExampleEvolutionaryAlgorithm
Training Set Training
Fitness 0.26746643301577766