1.8350225335206662,-0.6764472594619857,2.900823081823657,2.0917422774767642,-0.9622368910333634,2.339724541462621,0.7551175017225908,-2.1129894873109594,-1.257542168016845,1.4952768350791041,-1.8127303019593832,2.7467015033645943,-1.7542547949152578,0.9419546524213307,-2.7909171171303093,-0.659289691678743,2.7980040289306825,-2.087800873861182,0.03149314767125233,0.2025880709338721,-0.2499639009474155,2.254759206367071,-2.9043267092655407,1.2480479199047085,2.9965315652456734,-1.1068921816817532,-1.6235255255235466,2.071468986978398,-1.2158755649748254,2.9204678347708777,-0.7483990045446136,-2.0792720839932164,2.2623980440343097,2.652675591588655,-1.990790376231641,2.076859560589675,-1.0957580459147587,-2.494966313827604,-0.7165734234249523,0.12871964143461412,0.10751198552367569,-2.9582778475016394,0.3615644408372001,1.3339952676499793,-0.08700830392274828,2.9662634483393004,1.398626773816848,-1.1034195154952429
numHidden 	5
numGenes 	48
minGene 	-3.0
maxGene 	3.0
popSize 	40
maxEvaluations 	20000
mutateRate 	0.09
mutateChange 	0.05
seed 	1554919952027
random 	java.util.Random@76fb509a
neuralNetworkClass 	class coursework.ExampleEvolutionaryAlgorithm
Training Set Training
Fitness 0.24924136956816995