1.9780902738911321,-1.9581597962467356,2.285128419310994,-1.699314247251723,-2.2249368502993017,2.234331175109896,1.6248187420810065,1.3523850946315286,1.7302382420025295,1.6251464797577058,-0.5883609893612554,-2.7300183394152766,0.0516925104362128,1.6671618882981067,-2.842801722451431,2.6175928829791446,-0.48878068882423603,1.5869042446920876,2.8730358116170844,1.9906698124881392,0.19468780524954543,0.9832829579037581,1.6549233658674505,1.3192422679148246,-1.7154268026693904,-0.5242818027689404,-2.854053800162588,0.6830477311619471,-0.5581687203531068,-0.8457681937408066,0.9687978509479449,0.8548582026070786,2.1640214411573186,-2.421274132744701,-1.9292550160842281,-1.9235187859398322,2.5121233489862473,2.713121773757639,1.9799643022333873,-0.2723468770513665,-0.24965826134053973,1.7762430212160816,2.888105822907413,0.2576375027068637,2.371209616636134,-0.6590365722268507,1.9052372962499085,-2.856046997992312
numHidden 	5
numGenes 	48
minGene 	-3.0
maxGene 	3.0
popSize 	40
maxEvaluations 	20000
mutateRate 	0.03
mutateChange 	0.05
seed 	1554919601550
random 	java.util.Random@76fb509a
neuralNetworkClass 	class coursework.ExampleEvolutionaryAlgorithm
Training Set Training
Fitness 0.11446297538595895