0.4085107224661817,0.65721998586395,-2.0593619656483755,-0.2120463990725785,2.7261767661869136,-1.4369447402373592,0.42708564623351464,-0.7033655280309645,0.9757108628923148,-0.6948677858512493,-2.13570985380274,2.3641744278150956,-2.135920903839968,2.9171243113785277,2.3378319905292626,-0.6136635602936487,-1.4359987674073538,0.5298418162204266,-2.553296488646214,-1.3243491378665058,1.3902741668318486,-0.602029472751862,-1.812094821838518,-2.4619350605977033,-1.3040275268995314,1.8996636488906766,-1.5064928017500505,1.16592053786004,-1.7171009200296359,1.0118546476323642,2.5651331782870708,-0.338347900623039,-2.818795513676418,-0.3784171557471572,-2.8198791671028705,2.5827682739550246,-2.3488577926112066,-2.171457914525994,0.6104142219987447,0.41235394254820745,-2.304527392180855,1.1264891663541183,1.699533607081828,-2.6895005320594927,-2.75592429408596,-0.9789340692704576,-0.015228397431904739,1.3907378961764714
numHidden 	5
numGenes 	48
minGene 	-3.0
maxGene 	3.0
popSize 	40
maxEvaluations 	20000
mutateRate 	0.09
mutateChange 	0.05
seed 	1554919952027
random 	java.util.Random@76fb509a
neuralNetworkClass 	class coursework.ExampleEvolutionaryAlgorithm
Training Set Training
Fitness 0.2809680635705185