1.622233194456956,-2.318907546795349,-1.2411907272419378,1.3939563051228951,0.04024568766738401,-1.3458688283114786,-2.800467396999891,1.7729160102872203,0.2603296066075975,1.7901843048263997,1.3921601342734222,-1.992138308581951,-1.0251345534794247,-0.7353585064200536,0.6266507359601352,2.2443523894534962,0.4769923491230701,-1.5961279735595735,-1.9103360299296759,1.5272764432378612,-0.12884981204485202,2.9043992692156024,-1.9114974668297737,2.7312334978292725,2.6647153174925338,1.6675285541315423,2.459217838860466,1.288101675991248,-2.139945780035946,2.247170254068089,-0.8594911532421055,-0.24847506997757085,2.4378028406204573,1.9144593757811101,1.5102756843081568,2.8376630938584704,1.0811646493554097,-1.9638675508450965,2.8844257336133934,-0.13134215392311077,-1.8624971556709364,-1.1555189473814085,2.5677639612781897,1.5198760404108187,-2.852509884748702,-2.2549393034166743,0.02453278556834615,-2.565897242171931
numHidden 	5
numGenes 	48
minGene 	-3.0
maxGene 	3.0
popSize 	40
maxEvaluations 	20000
mutateRate 	0.03
mutateChange 	0.05
seed 	1554919601550
random 	java.util.Random@76fb509a
neuralNetworkClass 	class coursework.ExampleEvolutionaryAlgorithm
Training Set Training
Fitness 0.26231253097429863