1.3709993492530712,-0.6468339101692813,-2.0497145834301618,2.6962564849306103,-0.6134583275247105,-0.585897498431815,-1.417220787316348,-1.2013562139719756,0.8451480844216057,0.6020737086711785,-1.4499020930943294,2.459552816482283,2.0239715334214354,1.5114130695163102,2.627645865349507,-0.4632020219637889,-2.6217293886027098,2.516660743264791,0.37664264537428904,-1.7226536416087803,-1.4487322246119572,-1.8300403241599967,1.331444071940381,0.6524834335375758,2.718226648437706,-0.7079677119224002,-2.4258481857615535,2.8182908520259202,-0.11592819322245163,0.25447545679461303,-2.8218586326201893,-0.7588309391916157,-2.4746398371993745,-1.0430219492911197,-0.3826306627253153,-0.372252729768487,-1.0736058122382424,1.6964204347959058,-1.9589415168063375,2.085634840529769,0.7057572848848483,2.5056756184931306,1.3035919160359652,-0.08392554880980985,-2.6364715503048397,0.6082909260706089,0.8171819924681762,1.1016709048112947
numHidden 	5
numGenes 	48
minGene 	-3.0
maxGene 	3.0
popSize 	40
maxEvaluations 	20000
mutateRate 	0.03
mutateChange 	0.05
seed 	1554919601550
random 	java.util.Random@76fb509a
neuralNetworkClass 	class coursework.ExampleEvolutionaryAlgorithm
Training Set Training
Fitness 0.2192059963048015