-1.6502869971224468,1.8492105561254695,0.9207327124006155,1.5326941300195243,-1.6040393218560312,1.2214202581078624,0.44582104555849256,2.799446047746395,1.1265279459708575,2.9308757349456505,-0.739298507129464,1.2500696505400573,-0.6506504717981079,1.20336859802135,-0.16655394302774695,-2.8717700199122893,2.1205283694391497,-1.3306934304219298,-0.37438014990478585,-1.0649631919989748,1.3397238771696625,-2.804503075961275,2.9202383477848652,1.0590635440195317,2.876762906827514,-1.5678995880151017,-2.4224746340526604,-2.0036155978161574,-1.9055922081951313,-1.8889308256524044,1.5003929208604694,2.981123481603121,1.3880652346482325,1.4976237983056855,-2.0588240627258023,0.5559978060154394,-0.1934124445165768,-1.0509521605891834,2.8182590342966582,-2.4911831222811625,-2.050828638811159,-1.7246750527585186,2.9358463297382036,-1.3151115794362123,-0.8482789578345962,2.5238672457758975,-2.5877657653343373,-0.5432370152917958
numHidden 	5
numGenes 	48
minGene 	-3.0
maxGene 	3.0
popSize 	40
maxEvaluations 	20000
mutateRate 	1.03
mutateChange 	0.05
seed 	1554921547384
random 	java.util.Random@76fb509a
neuralNetworkClass 	class coursework.ExampleEvolutionaryAlgorithm
Training Set Training
Fitness 0.26628743134828586