-1.847421971034105,0.03922588068771837,1.1918150686227138,-2.095166585856629,-0.49793656287907284,-1.8869467834482907,1.449256909935773,-2.006862192233677,0.0957955552872023,-2.959595705319047,-1.067690147931416,2.0866714106304967,-0.8566189729614964,1.7778987277581546,0.3799165544686307,0.5984919725880111,2.207952330731807,2.886319279589328,2.615255800840073,2.199834874738297,0.6969034861154282,2.9643727767480605,1.141426146554668,2.9429517058599455,0.8513255359613447,-0.8791306444457039,-2.8743067495331527,-1.0952405626521244,1.6969734318589964,-2.0738207613685935,-0.3439719423245853,-0.5135055331465006,-0.7542348531152978,-1.9681304281874608,-0.3014137931142016,1.7213590940461856,-2.999514104745505,0.8329724888511763,1.6672006813102094,2.596449669832203,2.516543382732526,-2.8296177337327775,-0.06412010509443178,2.487047305147035,2.413290912258219,2.1314247201705925,0.9827294375618489,2.3306541112740744
numHidden 	5
numGenes 	48
minGene 	-3.0
maxGene 	3.0
popSize 	40
maxEvaluations 	20000
mutateRate 	0.03
mutateChange 	0.05
seed 	1554920118537
random 	java.util.Random@76fb509a
neuralNetworkClass 	class coursework.ExampleEvolutionaryAlgorithm
Training Set Training
Fitness 0.28910244875720886