-1.286756374224287,-0.9365745314996445,-0.8954048540768529,1.9168407238601075,-1.6095779979169518,2.811481973610424,-0.7388152966093537,2.9818523329286197,2.0903112828346515,-1.4465564671654787,0.6235830138479557,-1.2703193001026827,-2.6856468967667073,2.6840490509310113,1.0336403491403177,1.058288060511968,-1.9886371639667502,-2.9907531780442618,-0.9781430259568715,1.8408279353286385,1.8942359931277197,1.89364156489993,-1.1193234003682737,-2.622476346611381,1.8217541446479224,-1.1013133840200435,2.56957271467296,1.5754437799686771,-0.9774704484049113,-1.280581166326506,0.23970842859767405,-1.7080988005665925,1.381485776584646,2.780272457728433,2.203059596864029,-2.8263059320508717,0.14013122913535891,1.5907411627782997,1.8955022518059792,-1.5916153730964218,-0.819755457066444,1.8893897782643165,-2.204528870213066,0.07530018560066454,-1.4335554091571638,1.7199568345303735,-1.640591293192774,-2.757076473275391
numHidden 	5
numGenes 	48
minGene 	-3.0
maxGene 	3.0
popSize 	40
maxEvaluations 	20000
mutateRate 	1.03
mutateChange 	0.05
seed 	1554921548080
random 	java.util.Random@76fb509a
neuralNetworkClass 	class coursework.ExampleEvolutionaryAlgorithm
Training Set Training
Fitness 0.2834973930813238