2.5307336175632473,-2.196428015125095,0.9054628100859818,-0.9965507019931659,2.3806295269725286,-2.918765131831697,2.864941083852602,0.41184431431642166,0.9152123692276466,-0.7454767463485936,-2.3596910747474578,-2.953563050516303,-2.940732644288884,1.6417153651246394,-2.8407079260733354,0.282326577073325,-0.658146326638966,0.4236656216334911,-1.256521177637613,0.17442028530735731,-2.3283723709424686,-1.9938823449293515,-1.2013365629964288,-1.6545243375248844,-0.9045510091963713,-0.17121400264393216,-1.8586065260772051,-0.6377371409085262,2.3944554756593632,-2.970409116074552,-2.6889713083816655,1.4955359493847453,-1.4660974494087722,-0.6060813190624534,-2.5275275322414643,0.6247404530145202,-2.16732442671253,2.2277611645375393,2.458099590285861,0.10111511992150746,0.25548737505195884,1.1900740303601518,2.1282630687248707,-1.3769164713844293,0.45538695892645276,0.7036782190143227,2.54812131153328,-2.394437815960948
numHidden 	5
numGenes 	48
minGene 	-3.0
maxGene 	3.0
popSize 	40
maxEvaluations 	20000
mutateRate 	0.09
mutateChange 	0.05
seed 	1554919830828
random 	java.util.Random@76fb509a
neuralNetworkClass 	class coursework.ExampleEvolutionaryAlgorithm
Training Set Training
Fitness 0.28456711973020216