0.9604660218964515,1.3695783242159223,-1.893839896256441,-2.361713431059765,-2.694327419177329,1.4981440758476874,0.9863287076289886,3.0,-0.015915675384947314,-1.3490826937605394,2.9258567138932468,2.8979729772757503,-0.7229185886324183,-1.7383210920935057,-3.0,-2.6596129607933254,1.3968849134073218,2.6363153815440707,-0.9506807646480564,-0.6061578325977166,1.7317033012644378,0.6098119011029971,0.8386766075839764,-0.43853548656150154,-0.5035890254665796,2.867521685806106,-0.38534144081867416,-0.21110276197013222,-1.9573584852763162,-1.2401887082095315,-2.4544108090760743,-0.03529305176344494,-0.7311433397368099,2.810649609321209,-2.7421065499457433,-0.06554895019211059,-0.3914284805062036,0.4062509969014937,2.4168229552128295,-0.8451701205441442,0.7886798339404859,0.12216675351062922,0.37932336290449903,1.86392152822348,-2.404054002248894,2.909883289403299,1.4314105042263299,-1.2060205475529544
numHidden 	5
numGenes 	48
minGene 	-3.0
maxGene 	3.0
popSize 	40
maxEvaluations 	20000
mutateRate 	0.01
mutateChange 	0.05
seed 	1554573202829
random 	java.util.Random@46bab910
neuralNetworkClass 	class coursework.ExampleEvolutionaryAlgorithm
Training Set Training
Fitness 0.019191264816343877