-1.3494599866488237,0.4843507955301114,2.623403061032749,2.894109252478123,1.192148018330727,-2.5223607601186293,0.8148125796757459,-1.2997380272160697,-0.5758733291306528,-1.8310144243438142,-0.6265330938869905,-1.413123608198157,-0.9289340203711804,1.95320771455064,2.979454158864399,-2.454962178902746,0.05417719149237607,-0.6444513937373348,-0.8600124923761573,-1.6623836277383857,0.24936502457023949,0.7531016622959923,-2.0924415186664986,1.6480608259711524,1.1299825678389892,1.7715035201859655,3.0,-2.4815733611018547,-1.2251762895891316,1.9949910952760177,-1.2429633319221485,0.650262131456877,-2.603657090232584,-0.9620782931316321,-0.21055150651408758,2.1365641009532608,-2.7764982742840623,-2.5486508477164005,-0.9188742523179421,-0.7628889506923929,-0.5396479815843839,-0.9351872516707271,0.3448190539782096,-1.9683666855101951,-1.2139990000441157,1.2977666889872697,1.8505983992403527,-0.5365003082912818
numHidden 	5
numGenes 	48
minGene 	-3.0
maxGene 	3.0
popSize 	40
maxEvaluations 	20000
mutateRate 	0.09
mutateChange 	0.05
seed 	1554919952027
random 	java.util.Random@76fb509a
neuralNetworkClass 	class coursework.ExampleEvolutionaryAlgorithm
Training Set Training
Fitness 0.12690352609349337