0.4237112824233611,0.7797488401602886,1.095420403189502,0.7814456323410273,2.611471664084328,2.6860410366346814,-2.275029438974056,1.106724688660627,0.030282882987687998,2.92357950879399,-1.7598276540818372,-1.7994063169346364,0.5266772603010912,-0.46554283817367104,0.6301303034538122,1.0625798808317626,1.8572456534181256,0.4016772974053282,2.1017983723126843,-2.643046314962542,0.5734452973491528,-0.6118804932447413,-1.4512029484921958,-0.06132419361083041,0.7948119782277869,-2.9306624194463744,2.5825552606630513,1.9691168158763368,2.7276895047696916,1.2761923295009092,2.7748828040474898,-1.5032662172308775,0.2924572099404985,1.7785585894955425,2.8606920598221723,-0.16312987451386451,-0.5844127236232559,2.74407691617807,-0.5633019498101923,2.731331315679075,1.4237285230336267,-1.9038430736399516,0.1665325283252077,1.1023722722637128,1.5453701018060428,2.573174570635742,-2.3351815410472816,-2.7627825629198544
numHidden 	5
numGenes 	48
minGene 	-3.0
maxGene 	3.0
popSize 	40
maxEvaluations 	20000
mutateRate 	1.03
mutateChange 	0.05
seed 	1554921547384
random 	java.util.Random@76fb509a
neuralNetworkClass 	class coursework.ExampleEvolutionaryAlgorithm
Training Set Training
Fitness 0.28910244875720886