2.696294793507013,0.7368894967738209,0.5495892139885825,0.1549170956530963,-0.35845731113353807,-2.5197159928244863,0.24098024713727062,-2.774459241616052,-2.7960474340291963,1.8181633001487745,1.00609368427744,2.619769236291427,-2.604084108299381,1.3048324532260747,-2.8262875998130204,0.5460986781775379,1.389945737998712,-0.8082192677397062,-0.8010836720805132,2.329534620017208,2.04774635720082,-1.4768268441128038,-2.7293770177253,0.6327876210677204,0.5309543853725263,-0.11608092061093256,-2.959558524698683,0.9768668560146212,-2.191326774300164,-0.8928568141895532,1.158081405992906,-0.26979926745430083,-1.2109613618090724,-1.9806329756817795,2.3044169885232337,-2.6493523630798483,-0.5983442102847865,-0.7393072157795562,-1.8933318064891418,1.4674925490856712,-0.7551383404673744,1.363766589458713,-0.2989821906181698,2.3807627721795965,0.3863739579645209,-1.3907167970691723,1.7763434278780519,-2.267072965853302
numHidden 	5
numGenes 	48
minGene 	-3.0
maxGene 	3.0
popSize 	40
maxEvaluations 	20000
mutateRate 	0.09
mutateChange 	0.05
seed 	1554919830828
random 	java.util.Random@76fb509a
neuralNetworkClass 	class coursework.ExampleEvolutionaryAlgorithm
Training Set Training
Fitness 0.25395814342896667