2.3592757203604293,1.0456122749732237,-2.4659591673474073,-2.3203887796133107,0.9690489865563282,-1.7131365512741317,-2.567818630659715,2.2501749069527834,-0.9295578046346307,-1.8922482894811417,-1.2840107780872165,-0.18248067134674612,-0.27296068638117466,-2.421567353815693,-1.773593403435958,2.5704854198727367,-1.1033378189185585,-2.6685635768031366,0.3523706914718714,-2.073564465237752,-0.5062392029116167,2.1945594486327016,-1.8407686014824143,1.6149940298669434,-2.136179110612443,-1.9342759778375935,0.6814576955205507,-1.5212202945980877,0.527976350221381,-2.372392500286755,-2.5801416651916127,1.4494014286277777,-2.9637650459713614,0.5576876302136459,-0.09254365226323397,-2.8846022716255892,-1.8471580855490153,0.02459120762554033,-0.600301864562793,1.5287585724444697,2.8508867889125997,-0.08168623554453296,-0.13925959585815245,-2.538946180583248,2.162591364226873,-1.0572400197947418,-2.4390372658405175,0.33005242686861275
numHidden 	5
numGenes 	48
minGene 	-3.0
maxGene 	3.0
popSize 	40
maxEvaluations 	20000
mutateRate 	1.03
mutateChange 	0.05
seed 	1554921547384
random 	java.util.Random@76fb509a
neuralNetworkClass 	class coursework.ExampleEvolutionaryAlgorithm
Training Set Training
Fitness 0.10199634398394711