-1.015210567476356,-2.095797281903952,2.404042836371765,2.8463421972784655,0.03224146256353855,-1.2850234877057747,-0.3924506950121769,-2.3219135187663964,-2.7741465415740296,1.4385984190508019,0.9890045433150609,-0.780398521572431,1.316391776629148,-0.6481064879050171,-0.22677490000279565,-1.304590469544113,2.51082862510151,-1.1151895228994406,-1.5958873668836737,1.367831662753404,1.207221888117152,0.6978430618998357,-2.50303795050206,-0.9368764488014705,1.7705158265657897,-1.182979975831559,0.21349761296965664,-1.73337630086885,-0.2704256768837592,-2.6472278679109857,-0.3344685588918601,-0.500253663184683,-0.9136965586467891,1.9364015852210192,-1.2675600988063385,1.5178178879317024,-2.824232929819954,0.5528062744149738,0.8944452788007791,0.6314316601710903,-0.29825399489620086,-2.0694723301182094,-2.662009391919069,-2.844833685102678,-1.8047619506628254,-0.9298802963547148,1.6812906844441855,-2.3738165013444776
numHidden 	5
numGenes 	48
minGene 	-3.0
maxGene 	3.0
popSize 	40
maxEvaluations 	20000
mutateRate 	0.09
mutateChange 	0.05
seed 	1554919952027
random 	java.util.Random@76fb509a
neuralNetworkClass 	class coursework.ExampleEvolutionaryAlgorithm
Training Set Training
Fitness 0.17762798036107982