1.5687609119741202,2.7629620154666346,0.27514519286014427,-2.891028259267395,-1.459064569954281,1.2425441512271704,-1.6869203726945234,-1.5135760381747954,-0.4210150087079842,-2.85574265803049,-0.5508488155463421,-2.3488432187201718,-0.7274171796838866,-0.8461723559710062,-0.4379770876267428,2.2092989180576708,0.474386932470671,-2.556814366575647,-0.6139062377761737,-2.489736142222116,1.478467189177984,-2.623521301730924,-1.8601792326078401,-2.5683795748559675,1.886875064437838,1.5129475917672348,-1.7189041674058376,-2.505145867673936,2.2894194256472344,-0.7230723833056572,2.1138985821175607,-0.35058863450353334,-0.4484937138480445,-1.292414753102991,2.037679295357863,-0.4368049771737407,-2.5126333101666036,0.3713825565487042,-0.33570850190912527,1.4099015451751296,1.1009853366878395,1.2539200722113033,-2.2644105918301225,-0.11055358831331079,-1.720757454552619,-0.7034865902593803,2.7960555925878148,-2.3780834241496063
numHidden 	5
numGenes 	48
minGene 	-3.0
maxGene 	3.0
popSize 	40
maxEvaluations 	20000
mutateRate 	0.03
mutateChange 	0.05
seed 	1554920118537
random 	java.util.Random@76fb509a
neuralNetworkClass 	class coursework.ExampleEvolutionaryAlgorithm
Training Set Training
Fitness 0.10686020891691422