-2.1314044897853655,0.5961624125501364,-2.5304547579208068,0.3685455979710632,2.079095768858868,-0.7685784280034832,-2.74578031748073,-2.4113910777778558,-3.0,2.1232427305954324,-2.6536499115485643,-0.33157642149592137,0.5441581487631912,-0.240594425644515,1.0735981777888284,0.3847405155371286,0.7597155930693489,-3.0,-2.7522744670395443,0.5917477920496025,-2.305776098843078,-2.41408950467408,2.071599695815246,0.7749034797728676,0.3968139509366854,0.607331432945019,-2.860485278048669,-2.3914297239775513,0.289555580608717,-2.1539762965073925,-1.0051472162573922,1.390316779180852,-0.10187343463738964,-2.5226532803508177,1.2166847319977943,0.6966883366383334,-1.5901604955169406,1.301539243397957,-0.855055053031319,-0.1984965752598548,0.9175795469089864,-2.776400967329154,-3.0,-2.850556805715958,-0.4095239570434748,0.7584026052973116,1.6679965769643748,-1.7019905600735767
numHidden 	5
numGenes 	48
minGene 	-3.0
maxGene 	3.0
popSize 	40
maxEvaluations 	20000
mutateRate 	0.01
mutateChange 	0.05
seed 	1554919251574
random 	java.util.Random@53bcaba7
neuralNetworkClass 	class coursework.ExampleEvolutionaryAlgorithm
Training Set Training
Fitness 0.10693472916483532