-0.1518677774645889,-1.0431212727922188,-1.6980580459108374,-0.8042940283097089,0.04949946078407841,2.0792289467536413,-2.093957096101426,-0.9116038147867127,-2.431655103487599,-0.32878686582285077,1.151134179225342,-2.6753263824035534,-2.9169007690966398,1.278177019292567,-2.221405045153321,2.7332897376184304,2.777342633088405,-1.3750469660200422,-1.649249347024457,-2.767121072761869,-1.3263745799334348,0.8744577207476825,-0.9635557768502503,1.0063182280174168,0.9271723970402679,-1.026219904232262,0.5627592971416027,-1.5323731725752354,0.23761149729022835,2.536431883555421,-1.9630649891901637,-0.7105896215124758,2.6130413710889773,-2.2925243460444884,2.1374343184606133,-1.7743477166019588,-0.2655764535132299,-0.1062060917201757,-0.0944488630617153,-1.6310482848927417,2.119457370257269,1.1148083981066632,-0.9611388074956184,2.8231038078568274,1.1737659327358791,2.0395085301219167,-0.8047537874972432,-2.4487849480863613
numHidden 	5
numGenes 	48
minGene 	-3.0
maxGene 	3.0
popSize 	40
maxEvaluations 	20000
mutateRate 	0.03
mutateChange 	0.05
seed 	1554920118537
random 	java.util.Random@76fb509a
neuralNetworkClass 	class coursework.ExampleEvolutionaryAlgorithm
Training Set Training
Fitness 0.28416634726676093