2.8013875132568895,2.9238833264416,0.03638833527369245,-0.5701505846527368,0.2882343392947906,2.696511897712594,-2.960934192128941,2.2348271776602973,-2.7047475926181597,2.674068328492062,2.347700148132505,2.9042849140590734,1.6335159545103322,0.1513555721647779,2.270723864934326,1.5463284503691765,-1.8177996490574486,2.776065244396942,1.2080209184901989,0.6627588235827782,1.9750314699735876,2.560592703035237,2.7654737603293214,0.04234167025772573,2.388447455311354,-2.040520301236363,-2.236814515703534,-2.7024467568030097,1.1945969323489667,1.7341011114791423,1.251085220341392,-2.922055360108047,1.8028423509147435,-1.816362865481918,0.6749221383742086,2.069439747183189,-1.988515325436119,-0.8837067703739847,0.8024506454146856,1.9025494460200871,0.026972379437618432,-2.332847653886357,1.9239054827734572,2.0436643582116156,1.3809055717068146,-1.2610354936374055,-1.8173370355332046,-0.3677489188652334
numHidden 	5
numGenes 	48
minGene 	-3.0
maxGene 	3.0
popSize 	40
maxEvaluations 	20000
mutateRate 	0.09
mutateChange 	0.05
seed 	1554919952027
random 	java.util.Random@76fb509a
neuralNetworkClass 	class coursework.ExampleEvolutionaryAlgorithm
Training Set Training
Fitness 0.2612021237754681