1.6510147791323275,-2.1122428885994786,-0.6334171826302004,2.4696911803871133,2.253322931250757,2.8747866718499804,2.5360312627759667,2.912424040332045,2.772496669551778,0.43407332976481117,1.9393316738582094,0.3561380202100555,-2.747342450608916,0.6345789308492966,0.5441730397381628,2.8972477005956634,0.49667601851296883,0.08301069261258665,0.038739336087505905,1.7863160058703773,1.8055603555296802,1.5208299612548322,-2.014614839436506,-1.9011109329091977,-2.1245562823889546,-1.5787480177791462,-2.051103839651767,-1.325766497577834,0.6594834180385529,-2.927253414129945,-2.84823715627099,1.545794576394238,0.6640898074327959,-0.8429633448440952,-2.03524249321433,-1.5475744021791624,0.498519391778216,-2.4614262710772903,1.9844605995942466,-0.42782852302141494,-2.4660292726877033,2.8789554337828047,0.5802452751219285,-2.63937374874886,-1.7470685011772686,2.7737328015575446,-0.3884141571007955,-1.6963799383203142
numHidden 	5
numGenes 	48
minGene 	-3.0
maxGene 	3.0
popSize 	40
maxEvaluations 	20000
mutateRate 	0.09
mutateChange 	0.05
seed 	1554919830828
random 	java.util.Random@76fb509a
neuralNetworkClass 	class coursework.ExampleEvolutionaryAlgorithm
Training Set Training
Fitness 0.19169161433456888