0.20823833772593137,2.7526532139451714,2.7995190600244078,0.5398783530410252,1.7077097486182025,-1.105543549568012,0.7644229402735618,-2.9983234852214777,-2.2927036660748605,0.3440586170005355,-2.8329804561841354,1.6453845316972693,-0.9398311600649656,-0.3901580095960204,0.7721113141240377,-1.496697952921866,0.43689297196012644,-1.4851454792249323,-0.5824043827414043,1.6749763349549038,0.02477518450732763,0.5776455142081707,-2.4352690409694504,-1.5883571077116825,2.184648892532712,-1.025755892209489,1.5980499319190837,1.0102936494984407,-0.22987926940741055,-1.048171742938244,0.8758357602824947,-0.04274346035047394,0.39046202577099764,0.06267217434038308,-0.17300202906732176,1.727961056989943,1.412010676053109,-1.4774866360296361,-0.37739169349070467,-0.9461339647635185,1.9441127399574958,-2.6294783472310184,-0.8797240520460274,-2.690681842203265,0.44430923011820544,1.9186050672004882,1.88696778122228,-2.0495875650150124
numHidden 	5
numGenes 	48
minGene 	-3.0
maxGene 	3.0
popSize 	40
maxEvaluations 	20000
mutateRate 	0.03
mutateChange 	0.05
seed 	1554920118537
random 	java.util.Random@76fb509a
neuralNetworkClass 	class coursework.ExampleEvolutionaryAlgorithm
Training Set Training
Fitness 0.23272265626036986