-1.6932893212065805,-2.6051775033299767,-1.9754579615594143,2.8325902007100527,-1.7475036795354038,2.3426673482323226,2.1030774892931134,-2.4917042453594522,1.196288141625697,-2.2070952575029157,-2.470029956187492,-1.9843301668800233,-1.1046158684367282,-2.794200618099197,2.4150997355355335,-0.27862418653382504,1.9285069676193745,1.5962032870652036,-0.16821060283117006,2.3372677316315444,-0.3923330202654789,0.27162182539922197,-0.6119402691436191,2.939087098951221,-0.5687945834131387,-1.1808511387767684,-2.966385360296833,-0.7913918039857339,0.025224922560125762,-2.3584971972182793,-1.7793380394223712,2.6437984379329125,2.8467817413760876,-1.409557653924749,-1.4184086484368164,0.19835962171722077,0.1858897288444008,-2.068612950102942,-0.7310396453435732,-1.0336886023487293,-1.7954449683356712,-1.0038834393589229,-2.9768473924404484,-1.8809257347670387,-2.1102661055353025,-0.5590330979451843,1.8905029711483152,-0.6681903751179843
numHidden 	5
numGenes 	48
minGene 	-3.0
maxGene 	3.0
popSize 	40
maxEvaluations 	20000
mutateRate 	0.03
mutateChange 	0.05
seed 	1554920118537
random 	java.util.Random@76fb509a
neuralNetworkClass 	class coursework.ExampleEvolutionaryAlgorithm
Training Set Training
Fitness 0.2209711028052088