-0.8016569994487668,0.17293239586419418,-1.021459778674372,-0.7635533640973109,0.19601401416691644,-2.187552906143927,-1.2140058286578372,2.1498464491822427,-1.4429945570393434,1.3937232775478892,2.517103449060283,2.4752901492157147,2.269719766534279,-2.9231611288058756,2.282565084953802,0.8534900462996586,-1.3961929078680164,-2.7914722568563333,-2.0529423508215467,1.5080533967596228,-2.378585829640424,-2.076126476040213,-1.2304873546768984,1.694941668478152,2.113639849264315,-0.07497295744943289,1.8095056986174134,0.8590750682566064,-2.9248264919194114,0.5181846090634821,-0.4015154380978432,0.5822475756423242,-1.9765476119182974,2.292798286332757,-0.6383378772482069,1.0530055817790602,-1.6504676765798036,-0.6827732721037112,-2.4489887789063,1.623125534151126,1.4562263153557033,-2.5972345194086515,2.6119082912148697,0.036810964231281496,1.6949241854650943,-1.1467670202042866,1.7555799760228634,-0.8722836114326493
numHidden 	5
numGenes 	48
minGene 	-3.0
maxGene 	3.0
popSize 	40
maxEvaluations 	20000
mutateRate 	1.03
mutateChange 	0.05
seed 	1554921548080
random 	java.util.Random@76fb509a
neuralNetworkClass 	class coursework.ExampleEvolutionaryAlgorithm
Training Set Training
Fitness 0.3257868113690132