0.22838533257674243,0.352997024306414,-1.0068311537340382,0.865457613042377,2.826883460109454,-0.009556073498537376,-1.4413123327078594,-1.3068383938762522,0.247004856400312,1.4551720229302454,0.8560808100780268,0.14830809117667876,0.2426698521312476,2.9630111539310215,0.2430042279404776,1.1539913161761586,-1.0143267961944902,-2.600726019895583,-0.059293456425084656,-2.2952347890377056,-0.15762474619239608,0.3281827819294252,0.28010672513047385,-2.209971580280783,2.319315707785073,0.1754731154274083,-1.5335057132685852,-1.5564403122487116,-1.8010749982957566,2.026741367192482,0.301021154438339,-2.354052535462296,0.6423754050310349,-1.1506635529081592,1.6467683346033972,-2.484352015722532,-0.5200326635231747,2.4983302505369647,0.46427527788311806,1.1208802039178378,-1.9596891114210229,1.6073347898549537,0.9660329620031685,0.3285619937653639,1.6879151106515362,0.3926718474015187,-0.14845072776557444,-1.6220329387274135
numHidden 	5
numGenes 	48
minGene 	-3.0
maxGene 	3.0
popSize 	40
maxEvaluations 	20000
mutateRate 	1.03
mutateChange 	0.05
seed 	1554921547384
random 	java.util.Random@76fb509a
neuralNetworkClass 	class coursework.ExampleEvolutionaryAlgorithm
Training Set Training
Fitness 0.22670016774096807