1.2611266149472895,-0.030536106346491287,-2.883674928205874,-2.6212816808534494,1.6170320794106923,-0.9532866510132849,-2.1508397339675565,-1.2461215588462915,2.45132558197626,-1.5445025661297418,2.271122120601458,2.460151401980161,-1.345967889689966,2.895074466290361,0.16641262503035392,-2.702071021579031,0.040259588337770325,-1.9440291554921163,-2.2760637138541533,-2.443367932310115,-0.8253014726537851,2.53500397175927,1.6993072732848873,2.389090654365977,0.7207312986975491,0.8373402045562499,2.5230676412644133,2.8378692355488484,-0.7767293360198764,2.2667945398101192,1.5757582509132337,-2.4752922978214262,-1.908131351875688,2.5348789419454754,1.926657033871587,1.0122916256765668,0.3455569077040357,2.385901728387287,2.8466695958494377,0.2831180114434213,1.413303526519318,2.439714767175831,-1.6429696361631188,-1.3467360105607955,-2.046107058432778,-0.2044927547239217,0.9641439981240536,-1.2505827299197816
numHidden 	5
numGenes 	48
minGene 	-3.0
maxGene 	3.0
popSize 	40
maxEvaluations 	20000
mutateRate 	0.01
mutateChange 	0.05
seed 	1554919144013
random 	java.util.Random@76fb509a
neuralNetworkClass 	class coursework.ExampleEvolutionaryAlgorithm
Training Set Training
Fitness 0.28486286707391334