-0.48277954662227085,2.311079260599394,-2.3377001335753667,0.573534306499142,2.471292672255502,-0.8041372412883829,-1.2436311528407633,-1.1973727451674339,1.765331824605311,-0.6432956307666515,-2.620585158096846,-0.7715979029744675,-0.8429317579877997,2.8917822238643494,-2.5559289102770375,0.4397108775809442,0.9564226997434551,-0.8834931639600843,-2.177495563477711,2.873597715510426,1.5039549521042215,1.7526892107174445,1.6032780476406465,1.479712859356531,-2.0430803948555756,-1.1079031952474145,-0.9043892067279242,-0.8036848602524289,-2.0368101278247632,-0.8694201069544834,-2.6014014995846684,0.05103766576070523,-2.6752020700079275,2.024803675215125,-0.2818009636687533,0.0491943420517007,1.461817492479966,2.466985516383831,-1.8324867094541915,1.0495204476692175,0.3838064866726043,-1.2961052018162142,0.526134006181433,-2.4481563662781687,-0.03999289825352381,0.5447322042905509,2.3620627085586756,-1.2667031474767176
numHidden 	5
numGenes 	48
minGene 	-3.0
maxGene 	3.0
popSize 	40
maxEvaluations 	20000
mutateRate 	0.03
mutateChange 	0.05
seed 	1554919601550
random 	java.util.Random@76fb509a
neuralNetworkClass 	class coursework.ExampleEvolutionaryAlgorithm
Training Set Training
Fitness 0.2467839880220427