0.1369124199888283,-2.2253334853508386,0.865491675613403,1.6917941351086796,0.8679682083136759,1.399060611797169,0.5170573794096467,2.8965927608307975,-1.7258242752395603,0.4716469164825119,2.5820548998081767,-2.7032274086712933,0.413241054880614,-0.47009150696869195,2.528591031559187,-0.8828486201934211,-1.5761525558740717,-1.11279082627452,0.6753070241910017,2.79311023559827,1.7871005565713673,-1.4894132084603806,-0.36396752265638943,-0.9035936764620569,0.7423988905996284,-1.5597149113940862,1.4975677551031206,0.05110626858206713,2.375978699657648,-1.1140266786906319,1.368962611170228,-0.11310529961431737,0.3124906349853398,-1.593914866108807,2.4465180341575055,-0.6077548683379552,-0.960420039798036,-0.9643030158872925,2.9320947927189343,1.3326745007070642,2.682543647063099,-1.12515562101141,-2.9768250969187324,1.0895393847389592,-1.479245799827558,-0.5168347125029071,2.76147972337173,-0.6474359564612437
numHidden 	5
numGenes 	48
minGene 	-3.0
maxGene 	3.0
popSize 	40
maxEvaluations 	20000
mutateRate 	0.09
mutateChange 	0.05
seed 	1554919830828
random 	java.util.Random@76fb509a
neuralNetworkClass 	class coursework.ExampleEvolutionaryAlgorithm
Training Set Training
Fitness 0.24921439954252136