0.4286588115343255,-0.6270900184491133,-1.5982333161993012,-1.7448915073511262,2.6460951539809487,-0.41888176829084545,0.3221692089276935,-1.113998187772996,-2.6222900846749932,-0.8222641073199366,-2.9296558929982144,-2.60236720209196,2.3397708966419897,-2.2509845167032245,0.6362568520963285,-1.796839828935852,1.7298938821876266,-1.1993740957490668,2.7896646829564,1.0525155547295508,-1.6579977787924227,-2.7466843835576835,-2.8520691057513163,0.8818515067159258,0.4725387778359593,-0.37956363334088117,2.400658891181413,-1.4109166342446169,2.8622506329374655,0.9900677056046767,1.7977754820113088,-0.09974450340754437,-0.31064370999530055,-1.0596548982491871,-0.3770745143815404,2.091078069353318,1.5888868975051578,-2.7900494997765843,-2.8232252156961626,-1.3849146122355842,1.8194801163911256,-2.673413416484026,0.785054041259448,-2.3355222016162087,-0.9671149619485124,2.4646127797476742,-1.4760920756170735,0.3518194846100986
numHidden 	5
numGenes 	48
minGene 	-3.0
maxGene 	3.0
popSize 	40
maxEvaluations 	20000
mutateRate 	0.03
mutateChange 	0.05
seed 	1554919601550
random 	java.util.Random@76fb509a
neuralNetworkClass 	class coursework.ExampleEvolutionaryAlgorithm
Training Set Training
Fitness 0.18009641074548008