-2.549076460066525,1.5462615120324994,-0.8373954382233566,-0.9417304703992251,1.8242757197668125,-0.47379674845475694,1.4388445058623889,2.5922731531503693,0.48724295913521143,2.6067624716430604,1.1213006758905815,-1.5820009502114525,-0.12011028630069287,-1.7524128881057874,2.6848452306567507,-1.2721385851968687,1.2229158870666152,-2.7261744862829764,-0.20878364610152023,0.24793208956522905,1.125934130794425,-2.93806645421936,2.5907580579341136,-2.5015726178268505,-2.0902560972972974,-1.4778968377652923,-2.98001585137844,0.9273235928252519,0.8170977801231354,-1.0814884246766483,-0.1104162540873137,0.5706051016702904,1.6985726471210603,0.8400730878388494,-2.9366547941489696,1.0078823959692347,0.8597628600215059,1.0933616156323849,2.221831983786542,0.684852399321084,0.5431207052241662,-0.06414441780184088,-1.414493233849267,-1.8356923167174535,2.992385778245959,0.9016420306825976,-2.4596420071150726,-0.4548646043895652
numHidden 	5
numGenes 	48
minGene 	-3.0
maxGene 	3.0
popSize 	40
maxEvaluations 	20000
mutateRate 	0.09
mutateChange 	0.05
seed 	1554919830828
random 	java.util.Random@76fb509a
neuralNetworkClass 	class coursework.ExampleEvolutionaryAlgorithm
Training Set Training
Fitness 0.24112438715571008