1.4691342121856223,0.786965691876917,1.2810146259887194,1.3613880267364609,2.7512469812991274,-1.3183042950319288,0.1095746472937904,-2.656939957973753,2.6313711589698814,0.10673529086741951,2.9175138441592274,-1.2942775738928394,-1.1666341346431655,0.23705639666677047,0.36638748865442006,0.7591213551546576,-0.5562863502442896,-2.7314292982753843,-0.04196248336936126,1.8680475366811358,-2.158721989309158,-2.653673050154403,-0.1964445655856255,-1.1361641666745972,0.466406560081428,-1.6503843107034468,-1.945807418240219,-0.4547149075906005,-2.0997331764827294,-0.554212287732208,-0.04759133508284963,-1.1522011908497438,-0.2532165291286832,-1.4195502870379346,-0.6735165490295025,1.1091483504214503,1.018535433099828,-1.9849422537764723,-1.5951477730525534,2.3973769122271786,2.12444769268449,-1.3462055398334842,1.0665577101906694,-1.9090337173845866,0.14110638215789395,1.2199686071780835,2.0719481331708955,-0.1864970109881483
numHidden 	5
numGenes 	48
minGene 	-3.0
maxGene 	3.0
popSize 	40
maxEvaluations 	20000
mutateRate 	0.03
mutateChange 	0.05
seed 	1554919601550
random 	java.util.Random@76fb509a
neuralNetworkClass 	class coursework.ExampleEvolutionaryAlgorithm
Training Set Training
Fitness 0.22271893059343514