-0.21837957764272442,-1.5565698541742568,-2.390644210562779,-1.9698963755469392,-2.6051440432336683,2.93344694924601,1.8314598001546347,-1.1034968337857463,1.5303197465525322,-2.6755887224049673,0.6315133599220397,-0.6288904204744306,-2.5028579656569345,2.080064129772694,0.44488789267803774,0.9139286381481604,-1.9557490037018341,0.3847102041264625,0.32546361547173586,-1.4658124645265753,-1.0262373197105994,1.9542320469157035,-2.576116074500937,-1.5377016026929988,0.04969640788912377,-1.1135676950102174,1.2739205930533952,1.4381453224245186,1.4087398750559554,-1.5243089274505488,-0.02058183468626984,-2.95638644472316,2.8731504682626303,2.219660710110836,0.1813958495760648,-1.8462403057398202,-0.5532627722975132,0.7359547760722083,-0.8405064530290707,-0.5849877673904773,2.843227069768173,2.984522725141919,1.584057884076394,-2.319728435787235,-1.8478192422676796,1.0566338594148101,-0.7152250657990651,1.5397638673251057
numHidden 	5
numGenes 	48
minGene 	-3.0
maxGene 	3.0
popSize 	40
maxEvaluations 	20000
mutateRate 	1.03
mutateChange 	0.05
seed 	1554921548080
random 	java.util.Random@76fb509a
neuralNetworkClass 	class coursework.ExampleEvolutionaryAlgorithm
Training Set Training
Fitness 0.21983456655523936