1.0522344195525104,1.6997889189644226,-1.8092596279990643,1.1303392310117513,-0.8466135457056971,1.8324805653860263,0.07410635043310076,-1.7051823245487887,-0.6563137777898027,1.6755321273052646,0.0369595977134729,2.250794632893019,0.060069319308445834,2.4019928431782738,-0.6943237291739766,1.345639679166739,1.1101243362659687,-0.8633122413089906,-1.5951429697193122,2.4174715743713655,0.025696016955529366,-0.5691560894148933,-2.837464569756179,0.801265486620566,-2.533062337298852,-0.8106250251286067,0.04815649583467163,2.165397578255729,-1.2648947485838986,-1.6101259201041322,-1.5876454560478068,-0.3543977487066261,0.8957375955518385,2.485098118361033,1.2346715257877268,2.6398096619723717,-1.8552665163205564,-0.8790347884724965,-0.29003403722814625,1.7113108126009884,1.8681887226459146,-2.2701838746532372,-1.5836304775765073,1.3191832091232838,-1.6472770856985834,-0.32607054411013703,2.907260678380492,-1.4461043447450337
numHidden 	5
numGenes 	48
minGene 	-3.0
maxGene 	3.0
popSize 	40
maxEvaluations 	20000
mutateRate 	1.03
mutateChange 	0.05
seed 	1554921548080
random 	java.util.Random@76fb509a
neuralNetworkClass 	class coursework.ExampleEvolutionaryAlgorithm
Training Set Training
Fitness 0.21142009900890804